PHD2 version 2.6.14dev1 [Windows], Log version 2.5. Log enabled at 2026-09-07 18:23:47
INFO: Guiding parameter change, MultiStar = true

Guiding Begins at 2026-09-07 21:31:42
Equipment Profile = C8_QHY695A
Dither = both axes, Dither scale = 1.000, Image noise reduction = none, Guide-frame time lapse = 0, Server enabled
Pixel scale = 0.61 arc-sec/px, Binning = 1, Focal length = 1260 mm
Search region = 15 px, Star mass tolerance = 50.0%, Multi-star mode, list size = 12
 Camera = QHY5LII-M-6017e860ba8d9a45f (ASCOM), full size = 1280 x 960, have dark, dark dur = 3000, no defect map, pixel size = 3.8 um
Exposure = 3000 ms
Mount = GPUSB, connected, guiding enabled, AuxMount=CPWI_ASCOM_Telescope, xAngle = -72.1, xRate = 15.769, yAngle = -153.7, yRate = 16.102, parity = +/+
Norm rates RA = 10.5"/s @ dec 0, Dec = 9.9"/s; ortho.err. = 8.3 deg
X guide algorithm = Hysteresis, Hysteresis = 0.100, Aggression = 0.850, Minimum move = 0.552
Y guide algorithm = Resist Switch, Minimum move = 0.850 Aggression = 100% FastSwitch = enabled
Backlash comp = disabled, pulse = 20 ms
Max RA duration = 2500, Max DEC duration = 2500, DEC guide mode = Auto
RA Guide Speed = 14.9 a-s/s, Dec Guide Speed = 14.9 a-s/s, Cal Dec = 0.0, Last Cal Issue = None, Timestamp = 06/09/2026 21:20:23
RA = 20.01 hr, Dec = 22.8 deg, Hour angle = -0.59 hr, Pier side = West, Rotator pos = N/A, Alt = 69.0 deg, Az = 156.8 deg
Lock position = 222.510, 738.864, Star position = 222.510, 738.864, HFD = 6.25 px
Frame,Time,mount,dx,dy,RARawDistance,DECRawDistance,RAGuideDistance,DECGuideDistance,RADuration,RADirection,DECDuration,DECDirection,XStep,YStep,StarMass,SNR,ErrorCode
INFO: SETTLING STATE CHANGE, Settling started
1,5.103,"Mount",1.365,-4.193,4.410,-0.644,3.374,0.000,214,W,0,,,,258712,124.58,1
2,9.210,"Mount",1.719,-3.483,3.844,-1.111,3.227,0.000,205,W,0,,,,239568,118.72,1
3,15.673,"Mount",-2.912,9.545,-9.978,1.273,-7.359,0.000,467,E,0,,,,244620,133.86,1
4,19.183,"Mount",0.020,0.366,-0.342,-0.081,0.000,0.000,0,,0,,,,143736,75.02,1
5,23.020,"Mount",1.032,-1.294,1.549,-0.801,1.185,0.000,75,W,0,,,,255239,116.52,1
6,26.812,"Mount",1.694,-2.321,2.730,-1.281,2.190,0.000,139,W,0,,,,261525,135.52,1
7,33.080,"Mount",-0.094,4.098,-3.928,-0.594,-2.819,0.000,179,E,0,,,,255255,124.92,1
8,36.661,"Mount",0.532,0.026,0.139,-0.529,0.000,0.000,0,,0,,,,241994,129.26,1
9,40.574,"Mount",0.917,0.525,-0.217,-0.992,0.000,0.000,0,,0,,,,272981,130.63,1
INFO: SETTLING STATE CHANGE, Settling failed
10,44.607,"Mount",0.550,-0.278,0.434,-0.496,0.000,0.000,0,,0,,,,263167,154.89,1
11,49.024,"Mount",1.812,-2.560,2.993,-1.358,2.290,-1.358,145,W,84,N,,,240286,164.55,1
12,52.710,"Mount",0.565,1.332,-1.093,-0.780,-0.642,0.000,41,E,0,,,,242860,94.25,1
13,56.606,"Mount",-1.380,4.444,-4.653,0.616,-3.614,0.000,229,E,0,,,,249342,118.84,1
14,60.495,"Mount",-0.525,1.695,-1.774,0.234,-1.664,0.000,106,E,0,,,,246590,118.67,1
15,64.598,"Mount",1.121,-3.631,3.800,-0.497,2.765,0.000,175,W,0,,,,212691,98.53,1
16,69.210,"Mount",2.542,-5.834,6.334,-1.529,5.080,-1.529,322,W,95,N,,,249979,121.89,1
17,72.959,"Mount",-1.390,0.425,-0.833,1.300,-0.205,0.000,13,E,0,,,,200308,97.67,1
18,76.703,"Mount",-0.976,1.871,-2.080,0.649,-1.609,0.000,102,E,0,,,,250841,145.44,1
19,80.569,"Mount",-1.123,2.945,-3.148,0.614,-2.545,0.000,161,E,0,,,,253433,113.96,1
20,84.400,"Mount",0.077,-1.955,1.883,0.251,1.225,0.000,78,W,0,,,,243661,117.40,1
21,88.185,"Mount",0.259,-1.081,1.108,-0.074,0.952,0.000,60,W,0,,,,257728,118.93,1
22,91.593,"Mount",-0.029,-0.230,0.210,0.067,0.000,0.000,0,,0,,,,247879,115.38,1
23,95.337,"Mount",-0.661,2.583,-2.661,0.220,-2.036,0.000,129,E,0,,,,245966,114.12,1
24,98.914,"Mount",-0.346,0.469,-0.553,0.263,-0.596,0.000,38,E,0,,,,248270,109.30,1
25,102.620,"Mount",0.060,-1.000,0.969,0.108,0.691,0.000,44,W,0,,,,258146,126.04,1
26,106.636,"Mount",0.353,-0.745,0.818,-0.224,0.684,0.000,43,W,0,,,,251098,117.74,1
27,110.397,"Mount",-0.782,-1.209,0.909,0.973,0.754,0.000,48,W,0,,,,255269,122.96,1
28,114.251,"Mount",-0.721,3.726,-3.766,0.087,-2.817,0.000,179,E,0,,,,249409,126.74,1
29,117.864,"Mount",-0.301,2.443,-2.417,-0.112,-2.088,0.000,132,E,0,,,,251335,121.29,1
30,121.276,"Mount",-0.500,-0.021,-0.134,0.496,0.000,0.000,0,,0,,,,248645,113.72,1
31,125.102,"Mount",-0.355,-1.996,1.790,0.684,1.369,0.000,87,W,0,,,,254458,124.10,1
32,128.877,"Mount",0.720,-2.873,2.955,-0.229,2.377,0.000,151,W,0,,,,242045,108.88,1
33,132.642,"Mount",0.050,0.954,-0.892,-0.209,-0.480,0.000,30,E,0,,,,232487,105.78,1
34,136.372,"Mount",-0.017,1.913,-1.825,-0.303,-1.437,0.000,91,E,0,,,,261537,139.03,1
35,140.388,"Mount",-0.503,2.664,-2.689,0.050,-2.180,0.000,138,E,0,,,,245459,121.44,1
36,144.127,"Mount",0.238,-2.135,2.105,0.123,1.425,0.000,90,W,0,,,,254138,121.65,1
37,147.855,"Mount",0.782,-2.268,2.398,-0.392,1.956,0.000,124,W,0,,,,253582,138.52,1
38,151.540,"Mount",0.117,-3.193,3.074,0.419,2.518,0.000,160,W,0,,,,260513,129.76,1
39,155.321,"Mount",0.257,-4.603,4.458,0.518,3.624,0.000,230,W,0,,,,242945,149.05,1
40,159.201,"Mount",-2.552,6.492,-6.963,1.429,-5.018,0.000,318,E,0,,,,248791,123.33,1
41,162.656,"Mount",-0.345,-0.731,0.589,0.462,0.024,0.000,2,W,0,,,,193661,97.13,1
42,167.131,"Mount",-0.067,-0.827,0.766,0.204,0.588,0.000,37,W,0,,,,261960,125.03,1
43,170.873,"Mount",0.717,-2.558,2.654,-0.278,2.081,0.000,132,W,0,,,,252738,125.17,1
44,175.364,"Mount",0.826,-3.834,3.902,-0.172,3.162,0.000,201,W,0,,,,252834,121.10,1
45,179.119,"Mount",0.650,-1.853,1.963,-0.331,1.770,0.000,112,W,0,,,,168522,85.32,1
46,183.111,"Mount",-3.271,8.160,-8.771,1.859,-6.559,0.000,416,E,0,,,,267489,129.54,1
47,186.532,"Mount",0.307,0.351,-0.240,-0.362,0.000,0.000,0,,0,,,,193229,118.44,1
48,190.611,"Mount",1.064,-1.420,1.679,-0.811,1.284,0.000,81,W,0,,,,253882,128.33,1
49,194.448,"Mount",1.134,-2.871,3.081,-0.637,2.466,0.000,156,W,0,,,,263685,126.52,1
50,198.296,"Mount",0.607,1.145,-0.902,-0.790,-0.481,0.000,30,E,0,,,,259090,127.77,1
51,201.913,"Mount",0.113,2.400,-2.248,-0.513,-1.761,0.000,112,E,0,,,,266580,134.39,1
52,205.626,"Mount",0.610,2.743,-2.421,-1.061,-2.002,-1.061,127,E,66,N,,,250613,125.77,1
53,209.293,"Mount",-0.172,0.900,-0.909,0.019,-0.866,0.000,55,E,0,,,,251615,131.63,1
54,213.056,"Mount",1.222,-5.931,6.019,-0.212,4.531,0.000,287,W,0,,,,261283,130.10,1
55,216.865,"Mount",0.642,-3.942,3.948,0.027,3.405,0.000,216,W,0,,,,245494,123.82,1
56,220.428,"Mount",-0.019,-0.258,0.240,0.062,0.000,0.000,0,,0,,,,204026,114.27,1
57,224.427,"Mount",-1.764,4.271,-4.607,1.024,-3.524,0.000,223,E,0,,,,263259,120.58,1
58,228.335,"Mount",-1.326,3.114,-3.371,0.786,-2.878,0.000,183,E,0,,,,255011,129.97,1
59,232.126,"Mount",-0.228,2.080,-2.049,-0.124,-1.812,0.000,115,E,0,,,,255564,118.89,1
60,235.695,"Mount",-0.517,-0.807,0.608,0.644,0.311,0.000,20,W,0,,,,242088,118.72,1
61,239.598,"Mount",-0.044,-2.881,2.727,0.526,2.113,0.000,134,W,0,,,,265191,132.99,1
62,243.221,"Mount",-1.315,3.380,-3.621,0.731,-2.591,0.000,164,E,0,,,,262213,133.04,1
63,246.915,"Mount",-1.080,1.837,-2.080,0.757,-1.812,0.000,115,E,0,,,,274409,142.65,1
64,250.586,"Mount",-0.026,0.351,-0.342,-0.033,0.000,0.000,0,,0,,,,249797,121.92,1
65,254.419,"Mount",0.047,-0.510,0.500,0.039,0.000,0.000,0,,0,,,,250311,123.52,1
66,258.572,"Mount",-0.143,-0.917,0.828,0.295,0.633,0.000,40,W,0,,,,256649,133.57,1
67,262.136,"Mount",-0.582,-0.569,0.362,0.669,0.000,0.000,0,,0,,,,271255,128.48,1
68,266.199,"Mount",0.021,1.544,-1.462,-0.279,-1.119,0.000,71,E,0,,,,274218,129.21,1
69,270.088,"Mount",-0.867,3.942,-4.017,0.194,-3.168,0.000,201,E,0,,,,248504,136.98,1
70,273.868,"Mount",0.660,-1.143,1.290,-0.459,0.718,0.000,46,W,0,,,,219052,106.36,1
71,277.544,"Mount",0.704,-2.077,2.193,-0.346,1.739,0.000,110,W,0,,,,262026,129.26,1
72,281.402,"Mount",1.182,-1.853,2.128,-0.855,1.775,-0.855,113,W,53,N,,,270006,133.74,1
73,285.219,"Mount",-1.276,4.117,-4.310,0.569,-3.146,0.000,200,E,0,,,,266126,135.75,1
74,289.244,"Mount",-0.813,2.818,-2.931,0.330,-2.510,0.000,159,E,0,,,,250724,123.23,1
75,292.831,"Mount",-0.206,1.383,-1.379,-0.029,-1.268,0.000,80,E,0,,,,251887,105.69,1
76,296.601,"Mount",-0.466,-0.937,0.748,0.616,0.464,0.000,29,W,0,,,,263814,121.59,1
77,300.904,"Mount",0.338,-6.702,6.480,0.789,4.997,0.000,317,W,0,,,,252158,132.77,1
78,305.100,"Mount",0.843,-6.515,6.458,0.260,5.365,0.000,340,W,0,,,,176309,116.06,1
79,308.570,"Mount",-0.439,0.411,-0.526,0.364,0.000,0.000,0,,0,,,,238077,121.35,1
80,313.135,"Mount",-5.063,11.594,-12.590,3.050,-9.631,3.050,611,E,189,S,,,248161,141.50,1
81,317.709,"Mount",-4.593,12.250,-13.070,2.477,-10.817,2.477,686,E,154,S,,,130845,65.49,1
82,321.299,"DROP",,,,,,,,,,,,,0,0.00,2,"Stella persa per SNR basso"
83,325.148,"DROP",,,,,,,,,,,,,0,0.00,2,"Stella persa per SNR basso"
84,329.072,"DROP",,,,,,,,,,,,,0,0.00,2,"Stella persa per SNR basso"
85,335.438,"DROP",,,,,,,,,,,,,0,0.00,3,"Stella persa per bassa massa"
86,338.910,"DROP",,,,,,,,,,,,,0,0.00,2,"Stella persa per SNR basso"
87,342.387,"DROP",,,,,,,,,,,,,0,0.00,2,"Stella persa per SNR basso"
88,346.427,"DROP",,,,,,,,,,,,,0,0.00,2,"Stella persa per SNR basso"
Guiding Ends at 2026-09-07 21:37:31

Guiding Begins at 2026-09-07 21:37:50
Equipment Profile = C8_QHY695A
Dither = both axes, Dither scale = 1.000, Image noise reduction = none, Guide-frame time lapse = 0, Server enabled
Pixel scale = 0.61 arc-sec/px, Binning = 1, Focal length = 1260 mm
Search region = 15 px, Star mass tolerance = 50.0%, Multi-star mode, list size = 12
 Camera = QHY5LII-M-6017e860ba8d9a45f (ASCOM), full size = 1280 x 960, have dark, dark dur = 3000, no defect map, pixel size = 3.8 um
Exposure = 3000 ms
Mount = GPUSB, connected, guiding enabled, AuxMount=CPWI_ASCOM_Telescope, xAngle = -72.1, xRate = 15.769, yAngle = -153.7, yRate = 16.102, parity = +/+
Norm rates RA = 10.5"/s @ dec 0, Dec = 9.9"/s; ortho.err. = 8.3 deg
X guide algorithm = Hysteresis, Hysteresis = 0.100, Aggression = 0.850, Minimum move = 0.552
Y guide algorithm = Resist Switch, Minimum move = 0.850 Aggression = 100% FastSwitch = enabled
Backlash comp = disabled, pulse = 20 ms
Max RA duration = 2500, Max DEC duration = 2500, DEC guide mode = Auto
RA Guide Speed = 14.9 a-s/s, Dec Guide Speed = 14.9 a-s/s, Cal Dec = 0.0, Last Cal Issue = None, Timestamp = 06/09/2026 21:20:23
RA = 20.01 hr, Dec = 22.8 deg, Hour angle = -0.49 hr, Pier side = West, Rotator pos = N/A, Alt = 69.4 deg, Az = 160.6 deg
Lock position = 1244.129, 934.791, Star position = 1244.129, 934.791, HFD = 4.96 px
Frame,Time,mount,dx,dy,RARawDistance,DECRawDistance,RAGuideDistance,DECGuideDistance,RADuration,RADirection,DECDuration,DECDirection,XStep,YStep,StarMass,SNR,ErrorCode
INFO: SETTLING STATE CHANGE, Settling started
1,5.231,"Mount",-1.101,2.556,-2.771,0.658,-2.120,0.000,134,E,0,,,,303680,145.56,1
2,8.660,"Mount",-0.689,1.025,-1.188,0.508,-1.089,0.000,69,E,0,,,,295670,155.87,1
3,12.137,"Mount",-0.513,0.905,-1.019,0.354,-0.872,0.000,55,E,0,,,,299292,163.19,1
4,15.515,"Mount",0.290,-0.389,0.460,-0.221,0.000,0.000,0,,0,,,,300543,150.56,1
5,19.159,"Mount",-0.026,-0.535,0.501,0.115,0.000,0.000,0,,0,,,,303674,152.92,1
6,22.775,"Mount",0.229,-0.810,0.841,-0.090,0.643,0.000,41,W,0,,,,293115,159.09,1
7,26.479,"Mount",-0.554,1.779,-1.863,0.248,-1.370,0.000,87,E,0,,,,311372,175.49,1
8,29.993,"Mount",-0.373,1.821,-1.847,0.063,-1.530,0.000,97,E,0,,,,310607,162.17,1
9,33.671,"Mount",0.039,1.415,-1.334,-0.275,-1.151,0.000,73,E,0,,,,304241,153.54,1
10,37.326,"Mount",0.425,-0.582,0.685,-0.322,0.426,0.000,27,W,0,,,,302247,148.16,1
INFO: SETTLING STATE CHANGE, Settling failed
11,41.712,"Mount",1.285,-2.193,2.482,-0.899,1.935,0.000,123,W,0,,,,295491,142.70,1
Guiding Ends at 2026-09-07 21:38:32

Guiding Begins at 2026-09-07 21:44:05
Equipment Profile = C8_QHY695A
Dither = both axes, Dither scale = 1.000, Image noise reduction = none, Guide-frame time lapse = 0, Server enabled
Pixel scale = 0.61 arc-sec/px, Binning = 1, Focal length = 1260 mm
Search region = 15 px, Star mass tolerance = 50.0%, Multi-star mode, list size = 12
 Camera = QHY5LII-M-6017e860ba8d9a45f (ASCOM), full size = 1280 x 960, have dark, dark dur = 3000, no defect map, pixel size = 3.8 um
Exposure = 3000 ms
Mount = GPUSB, connected, guiding enabled, AuxMount=CPWI_ASCOM_Telescope, xAngle = -72.1, xRate = 15.769, yAngle = -153.7, yRate = 16.102, parity = +/+
Norm rates RA = 10.5"/s @ dec 0, Dec = 9.9"/s; ortho.err. = 8.3 deg
X guide algorithm = Hysteresis, Hysteresis = 0.100, Aggression = 0.850, Minimum move = 0.552
Y guide algorithm = Resist Switch, Minimum move = 0.850 Aggression = 100% FastSwitch = enabled
Backlash comp = disabled, pulse = 20 ms
Max RA duration = 2500, Max DEC duration = 2500, DEC guide mode = Auto
RA Guide Speed = 14.9 a-s/s, Dec Guide Speed = 14.9 a-s/s, Cal Dec = 0.0, Last Cal Issue = None, Timestamp = 06/09/2026 21:20:23
RA = 20.01 hr, Dec = 22.8 deg, Hour angle = -0.38 hr, Pier side = West, Rotator pos = N/A, Alt = 69.7 deg, Az = 164.6 deg
Lock position = 281.005, 713.104, Star position = 281.005, 713.104, HFD = 6.31 px
Frame,Time,mount,dx,dy,RARawDistance,DECRawDistance,RAGuideDistance,DECGuideDistance,RADuration,RADirection,DECDuration,DECDirection,XStep,YStep,StarMass,SNR,ErrorCode
INFO: SETTLING STATE CHANGE, Settling started
1,4.702,"Mount",0.185,-1.285,1.280,0.033,0.979,0.000,62,W,0,,,,227966,108.36,1
2,8.452,"Mount",2.287,-4.848,5.317,-1.443,4.150,0.000,263,W,0,,,,219760,107.58,1
3,12.410,"Mount",0.820,-2.389,2.526,-0.409,2.285,0.000,145,W,0,,,,196612,87.13,1
4,15.976,"Mount",0.222,-1.308,1.313,0.000,1.198,0.000,76,W,0,,,,178624,77.99,1
5,19.956,"Mount",-1.338,3.935,-4.156,0.660,-3.078,0.000,195,E,0,,,,254194,130.27,1
6,23.417,"Mount",0.622,0.581,-0.361,-0.711,0.000,0.000,0,,0,,,,222654,98.79,1
7,28.980,"Mount",2.220,-3.331,3.853,-1.631,2.948,0.000,187,W,0,,,,236732,117.11,1
8,32.971,"Mount",1.627,-2.339,2.727,-1.212,2.337,-1.212,148,W,75,N,,,239535,113.31,1
9,36.954,"Mount",0.894,-1.670,1.864,-0.601,1.625,0.000,103,W,0,,,,230679,100.29,1
10,40.612,"Mount",-0.462,0.678,-0.788,0.342,-0.465,0.000,29,E,0,,,,218115,110.90,1
INFO: SETTLING STATE CHANGE, Settling failed
11,44.563,"Mount",-0.149,1.860,-1.815,-0.164,-1.428,0.000,91,E,0,,,,241525,110.68,1
12,48.088,"Mount",0.585,-0.136,0.309,-0.554,0.000,0.000,0,,0,,,,224476,89.78,1
13,52.408,"Mount",2.024,-3.388,3.847,-1.428,2.943,-1.428,187,W,89,N,,,240149,123.36,1
14,59.084,"Mount",-1.015,4.315,-4.417,0.278,-3.129,0.000,198,E,0,,,,238619,105.49,1
15,62.943,"Mount",-0.417,1.568,-1.621,0.149,-1.506,0.000,95,E,0,,,,189357,83.61,1
16,66.704,"Mount",0.063,0.605,-0.556,-0.164,-0.554,0.000,35,E,0,,,,230910,113.97,1
17,70.724,"Mount",1.772,-2.952,3.355,-1.253,2.519,-1.253,160,W,78,N,,,215416,113.63,1
18,74.676,"Mount",1.471,-2.947,3.257,-0.956,2.706,-0.956,172,W,59,N,,,217379,109.63,1
19,78.677,"Mount",0.067,1.230,-1.149,-0.272,-0.649,0.000,41,E,0,,,,216251,109.56,1
20,82.485,"Mount",-0.334,3.156,-3.105,-0.199,-2.431,0.000,154,E,0,,,,230577,113.95,1
21,89.156,"Mount",-0.749,2.991,-3.076,0.238,-2.560,0.000,162,E,0,,,,235330,123.45,1
22,92.706,"Mount",0.304,0.352,-0.241,-0.359,0.000,0.000,0,,0,,,,238835,114.83,1
23,96.278,"Mount",0.660,0.218,-0.004,-0.687,0.000,0.000,0,,0,,,,243901,123.21,1
24,99.942,"Mount",0.175,3.169,-2.961,-0.703,-2.265,0.000,144,E,0,,,,227371,106.79,1
25,103.709,"Mount",-0.854,4.009,-4.077,0.170,-3.311,0.000,210,E,0,,,,223687,103.29,1
26,107.197,"Mount",0.488,-0.345,0.479,-0.424,0.000,0.000,0,,0,,,,230270,126.80,1
27,110.938,"Mount",0.090,0.260,-0.219,-0.132,0.000,0.000,0,,0,,,,224912,103.07,1
28,114.756,"Mount",1.273,-0.115,0.501,-1.236,0.000,-1.236,0,,77,N,,,261328,129.97,1
29,118.262,"Mount",0.223,0.280,-0.197,-0.267,0.000,0.000,0,,0,,,,239292,120.60,1
30,122.318,"Mount",-1.618,3.651,-3.972,0.984,-3.039,0.000,193,E,0,,,,242032,114.22,1
31,126.194,"Mount",-1.265,1.694,-2.002,0.963,-1.790,0.000,113,E,0,,,,194939,91.67,1
32,129.712,"Mount",-0.808,-0.056,-0.196,0.806,0.000,0.000,0,,0,,,,229588,120.88,1
33,134.160,"Mount",0.343,-2.381,2.371,0.060,1.813,0.000,115,W,0,,,,226834,110.51,1
34,137.757,"Mount",-0.500,-1.267,1.052,0.705,0.959,0.000,61,W,0,,,,192668,86.82,1
35,141.508,"Mount",-1.740,1.738,-2.189,1.424,-1.593,0.000,101,E,0,,,,218243,102.86,1
36,145.300,"Mount",-1.974,3.058,-3.517,1.434,-2.826,1.434,179,E,89,S,,,237463,123.21,1
37,149.013,"Mount",-0.998,-0.372,0.047,1.046,0.000,1.046,0,,65,S,,,227817,112.90,1
38,152.719,"Mount",-0.048,-0.742,0.691,0.172,0.529,0.000,34,W,0,,,,232647,94.93,1
39,156.555,"Mount",1.098,-3.196,3.379,-0.548,2.630,0.000,167,W,0,,,,232275,110.24,1
40,160.416,"Mount",0.714,-5.114,5.085,0.152,4.114,0.000,261,W,0,,,,221336,104.69,1
41,164.395,"Mount",-1.961,4.370,-4.762,1.202,-3.293,1.202,209,E,75,S,,,229719,127.88,1
42,168.476,"Mount",-1.180,0.659,-0.991,1.053,-1.038,1.053,66,E,65,S,,,194909,94.19,1
43,172.464,"Mount",-0.941,0.302,-0.577,0.877,-0.530,0.877,34,E,54,S,,,233407,109.98,1
44,176.349,"Mount",1.024,-3.330,3.483,-0.452,2.620,0.000,166,W,0,,,,236700,111.68,1
45,180.138,"Mount",0.114,-2.736,2.638,0.346,2.240,0.000,142,W,0,,,,218470,109.08,1
46,183.633,"Mount",-0.775,-0.404,0.146,0.832,0.000,0.000,0,,0,,,,223228,120.61,1
47,187.540,"Mount",-1.723,3.073,-3.454,1.184,-2.643,1.184,168,E,74,S,,,235435,107.80,1
48,191.023,"Mount",-0.084,-0.107,0.076,0.101,0.000,0.000,0,,0,,,,220594,90.70,1
49,197.041,"Mount",0.272,-0.872,0.913,-0.122,0.698,0.000,44,W,0,,,,229105,99.99,1
50,201.415,"Mount",-0.033,-1.728,1.634,0.322,1.309,0.000,83,W,0,,,,242534,123.15,1
51,204.919,"Mount",-0.625,0.060,-0.250,0.607,0.000,0.000,0,,0,,,,203287,87.59,1
52,209.064,"Mount",-1.761,4.715,-5.029,0.947,-3.847,0.947,244,E,59,S,,,238051,116.40,1
53,212.872,"Mount",-1.129,3.202,-3.394,0.577,-2.923,0.000,185,E,0,,,,201930,80.34,1
54,216.847,"Mount",-0.826,1.709,-1.880,0.528,-1.687,0.000,107,E,0,,,,235878,120.94,1
55,220.681,"Mount",0.888,-3.260,3.375,-0.329,2.438,0.000,155,W,0,,,,246056,132.58,1
56,224.773,"Mount",1.709,-4.710,5.007,-0.896,4.038,0.000,256,W,0,,,,237090,110.08,1
57,228.443,"Mount",0.035,-0.415,0.406,0.035,0.000,0.000,0,,0,,,,204104,94.07,1
58,232.431,"Mount",-1.267,3.158,-3.395,0.720,-2.597,0.000,165,E,0,,,,249171,121.13,1
59,236.133,"Mount",-1.126,3.006,-3.206,0.607,-2.674,0.000,170,E,0,,,,251036,124.35,1
60,239.748,"Mount",-0.173,0.529,-0.556,0.082,-0.653,0.000,41,E,0,,,,209684,98.08,1
61,243.332,"Mount",0.823,-1.190,1.386,-0.612,1.005,0.000,64,W,0,,,,241622,110.27,1
62,247.134,"Mount",0.918,-1.973,2.160,-0.574,1.737,0.000,110,W,0,,,,239661,116.83,1
63,250.776,"Mount",-0.094,-0.137,0.101,0.115,0.000,0.000,0,,0,,,,227564,104.08,1
64,254.805,"Mount",-1.840,6.933,-7.162,0.653,-5.479,0.000,347,E,0,,,,250543,137.34,1
65,258.999,"Mount",-1.784,5.089,-5.391,0.907,-4.590,0.907,291,E,56,S,,,166392,79.73,1
66,262.692,"Mount",0.884,-0.586,0.830,-0.774,0.245,0.000,16,W,0,,,,216627,95.52,1
67,267.309,"Mount",4.255,-7.784,8.717,-2.891,6.689,-2.891,424,W,180,N,,,236373,107.05,1
68,270.836,"DROP",,,,,,,,,,,,,110846,57.50,7,"Stella per per cambiamento di massa"
69,274.752,"DROP",,,,,,,,,,,,,244384,134.75,8,"Nessuna stella trovata"
70,278.460,"Mount",-0.995,4.924,-4.991,0.156,-3.250,0.000,206,E,0,,,,250599,123.81,1
71,282.116,"Mount",-0.044,1.019,-0.983,-0.127,-1.028,0.000,65,E,0,,,,197027,97.90,1
72,287.004,"Mount",2.783,-4.542,5.178,-1.983,3.874,-1.983,246,W,123,N,,,255288,109.58,1
73,290.572,"Mount",1.054,-0.414,0.719,-0.970,0.879,-0.970,56,W,60,N,,,226446,113.32,1
74,294.020,"Mount",-0.220,1.734,-1.717,-0.074,-1.239,0.000,79,E,0,,,,230333,108.38,1
75,297.556,"Mount",0.200,1.925,-1.770,-0.519,-1.459,0.000,93,E,0,,,,248983,126.80,1
76,301.102,"Mount",0.860,0.817,-0.512,-0.985,0.000,-0.985,0,,61,N,,,234847,104.09,1
77,304.558,"DROP",,,,,,,,,,,,,243412,127.27,8,"Nessuna stella trovata"
78,308.155,"DROP",,,,,,,,,,,,,248552,133.62,8,"Nessuna stella trovata"
79,312.476,"Mount",5.073,-9.613,10.709,-3.392,8.192,-3.392,520,W,211,N,,,238631,124.15,1
80,316.580,"Mount",5.134,-8.791,9.946,-3.589,8.305,-3.589,527,W,223,N,,,157673,83.15,1
81,320.588,"Mount",-6.004,7.675,-9.152,4.634,-6.296,4.634,399,E,288,S,,,203164,116.63,1
82,325.956,"Mount",-2.499,-3.837,2.880,3.106,1.668,3.106,106,W,193,S,,,257309,122.25,1
83,329.700,"Mount",-2.866,-4.298,3.205,3.545,2.594,3.545,164,W,220,S,,,247318,132.98,1
84,333.308,"Mount",-2.860,-2.184,1.197,3.185,1.136,3.185,72,W,198,S,,,241727,101.65,1
85,336.957,"Mount",-3.930,-0.861,-0.392,4.019,0.000,4.019,0,,250,S,,,247199,116.64,1
86,340.716,"Mount",-4.290,0.145,-1.460,4.205,-1.117,4.205,71,E,261,S,,,242247,107.81,1
87,344.500,"Mount",-4.555,-2.984,1.435,4.990,1.003,4.990,64,W,310,S,,,245815,104.11,1
88,347.814,"DROP",,,,,,,,,,,,,236869,122.26,8,"Nessuna stella trovata"
89,351.435,"DROP",,,,,,,,,,,,,241302,119.86,8,"Nessuna stella trovata"
INFO: Guiding parameter change, Exposure = 3500 ms
90,355.892,"Mount",-10.563,-5.390,1.872,11.317,1.517,11.317,96,W,703,S,,,242147,137.41,1
91,359.980,"Mount",-10.420,-1.287,-1.987,10.488,-1.391,10.488,88,E,651,S,,,256163,114.30,1
92,365.510,"Mount",-2.416,-0.920,0.130,2.536,0.000,2.536,0,,157,S,,,385493,183.81,1
93,369.466,"Mount",0.711,-2.080,2.198,-0.353,1.681,0.000,107,W,0,,,,349268,136.96,1
94,373.532,"Mount",0.529,-2.462,2.505,-0.109,2.059,0.000,131,W,0,,,,347416,118.69,1
95,377.643,"Mount",-0.306,0.297,-0.377,0.252,0.000,0.000,0,,0,,,,359889,150.21,1
96,382.042,"Mount",-1.353,4.080,-4.298,0.651,-3.288,0.000,209,E,0,,,,374419,161.71,1
97,386.496,"Mount",-1.763,4.689,-5.004,0.953,-4.108,0.953,261,E,59,S,,,347337,125.43,1
98,390.918,"Mount",2.405,-3.563,4.130,-1.774,2.811,0.000,178,W,0,,,,318799,142.00,1
99,394.990,"Mount",0.372,-0.017,0.131,-0.364,0.000,0.000,0,,0,,,,328758,126.37,1
100,399.125,"Mount",-0.705,3.267,-3.326,0.148,-2.544,0.000,161,E,0,,,,356759,145.81,1
101,403.392,"Mount",-0.883,3.823,-3.909,0.231,-3.207,0.000,203,E,0,,,,357066,153.08,1
102,407.741,"Mount",0.669,1.253,-0.986,-0.869,-1.027,0.000,65,E,0,,,,377368,155.94,1
103,412.482,"Mount",0.838,-1.097,1.302,-0.643,0.909,0.000,58,W,0,,,,363169,132.21,1
104,416.812,"Mount",1.412,-2.061,2.396,-1.047,1.910,0.000,121,W,0,,,,360668,139.42,1
105,421.212,"Mount",2.118,-0.796,1.410,-1.955,1.241,-1.955,79,W,121,N,,,322687,123.88,1
106,425.461,"Mount",-1.430,4.148,-4.386,0.715,-3.250,0.000,206,E,0,,,,388888,185.10,1
107,429.465,"Mount",-0.167,-0.522,0.445,0.252,0.000,0.000,0,,0,,,,295601,128.15,1
108,433.645,"Mount",0.866,-2.984,3.106,-0.355,2.376,0.000,151,W,0,,,,367033,145.10,1
109,437.968,"Mount",1.005,-3.854,3.976,-0.346,3.243,0.000,206,W,0,,,,332374,126.30,1
110,442.937,"Mount",-2.129,4.781,-5.204,1.298,-3.706,0.000,235,E,0,,,,376125,149.83,1
111,447.005,"Mount",-0.570,-0.268,0.079,0.607,0.000,0.000,0,,0,,,,329439,137.32,1
112,451.240,"Mount",0.172,-1.182,1.178,0.028,0.901,0.000,57,W,0,,,,350661,135.56,1
113,455.405,"Mount",0.745,-2.989,3.073,-0.234,2.427,0.000,154,W,0,,,,339078,123.82,1
114,459.631,"Mount",1.273,-4.669,4.835,-0.473,3.905,0.000,248,W,0,,,,340571,143.42,1
115,463.757,"Mount",-1.465,3.404,-3.690,0.874,-2.491,0.000,158,E,0,,,,357695,123.80,1
116,467.716,"Mount",0.078,-0.197,0.211,-0.044,0.000,0.000,0,,0,,,,325389,129.10,1
117,472.294,"Mount",0.540,0.190,-0.014,-0.564,0.000,0.000,0,,0,,,,368891,163.41,1
118,476.649,"Mount",0.864,-0.861,1.085,-0.708,0.830,0.000,53,W,0,,,,347347,148.63,1
119,480.932,"Mount",1.008,-2.413,2.606,-0.590,2.064,0.000,131,W,0,,,,368508,166.00,1
120,485.109,"Mount",-1.319,2.814,-3.083,0.829,-2.183,0.000,138,E,0,,,,356271,150.27,1
121,489.181,"Mount",0.376,-0.482,0.574,-0.290,0.254,0.000,16,W,0,,,,299580,129.53,1
122,493.460,"Mount",0.023,-0.265,0.260,0.022,0.000,0.000,0,,0,,,,361567,152.29,1
123,498.734,"Mount",0.582,-0.883,1.019,-0.426,0.780,0.000,49,W,0,,,,372949,172.71,1
124,503.544,"Mount",0.756,-0.719,0.917,-0.625,0.768,0.000,49,W,0,,,,349865,130.27,1
125,509.062,"Mount",-0.431,1.511,-1.570,0.172,-1.136,0.000,72,E,0,,,,371809,140.20,1
126,513.851,"Mount",-0.608,2.863,-2.911,0.120,-2.324,0.000,147,E,0,,,,375990,139.74,1
127,518.877,"Mount",-0.043,-0.076,0.059,0.055,0.000,0.000,0,,0,,,,312025,117.43,1
128,523.436,"Mount",1.217,-3.222,3.440,-0.660,2.632,0.000,167,W,0,,,,351304,124.61,1
129,527.541,"Mount",0.298,0.923,-0.786,-0.448,-0.378,0.000,24,E,0,,,,337092,99.05,1
130,532.739,"Mount",0.161,2.432,-2.264,-0.566,-1.764,0.000,112,E,0,,,,368513,140.39,1
131,536.941,"Mount",-0.025,3.178,-3.031,-0.508,-2.468,0.000,157,E,0,,,,380235,193.18,1
132,541.228,"Mount",0.919,-1.433,1.647,-0.667,1.050,0.000,67,W,0,,,,371584,135.60,1
133,545.452,"Mount",1.607,-0.750,1.208,-1.459,1.014,-1.459,64,W,91,N,,,348002,130.44,1
134,549.652,"Mount",0.925,1.151,-0.810,-1.105,-0.534,-1.105,34,E,69,N,,,356748,155.34,1
135,553.923,"Mount",-0.277,3.485,-3.401,-0.310,-2.647,0.000,168,E,0,,,,360546,140.22,1
136,558.205,"Mount",0.124,3.364,-3.162,-0.685,-2.644,0.000,168,E,0,,,,352483,146.14,1
137,563.027,"Mount",2.642,-3.795,4.425,-1.969,3.160,-1.969,200,W,122,N,,,338900,145.62,1
138,567.698,"Mount",2.666,-4.195,4.813,-1.926,3.951,-1.926,251,W,120,N,,,375180,132.55,1
139,572.461,"Mount",2.670,-2.381,3.088,-2.234,2.698,-2.234,171,W,139,N,,,362017,155.67,1
140,576.539,"DROP",,,,,,,,,,,,,379559,152.84,8,"Nessuna stella trovata"
141,580.747,"DROP",,,,,,,,,,,,,357496,138.68,8,"Nessuna stella trovata"
142,585.651,"Mount",0.843,3.339,-2.917,-1.390,-2.002,-1.390,127,E,86,N,,,346666,138.95,1
143,589.726,"Mount",1.625,0.509,0.016,-1.687,0.000,-1.687,0,,105,N,,,380690,161.11,1
144,593.840,"Mount",1.225,0.973,-0.548,-1.371,0.000,-1.371,0,,85,N,,,372458,146.22,1
145,598.249,"Mount",1.151,1.357,-0.936,-1.362,-0.716,-1.362,45,E,85,N,,,361819,146.14,1
146,602.607,"Mount",0.993,0.260,0.058,-1.022,0.000,-1.022,0,,63,N,,,377127,142.14,1
147,607.613,"Mount",2.506,-3.960,4.540,-1.808,3.473,-1.808,220,W,112,N,,,357606,121.92,1
148,612.212,"Mount",2.364,-4.109,4.637,-1.643,3.843,-1.643,244,W,102,N,,,344782,117.00,1
149,616.613,"Mount",1.832,-1.245,1.749,-1.598,1.664,-1.598,106,W,99,N,,,372450,125.64,1
150,620.838,"Mount",-0.233,1.311,-1.319,0.011,-0.867,0.000,55,E,0,,,,347440,135.86,1
151,624.980,"Mount",1.662,0.176,0.344,-1.668,0.000,-1.668,0,,104,N,,,363669,158.09,1
152,629.456,"Mount",3.170,-2.946,3.779,-2.632,2.891,-2.632,183,W,163,N,,,386298,151.55,1
153,634.126,"Mount",1.896,-2.272,2.746,-1.488,2.346,-1.488,149,W,92,N,,,349163,136.90,1
154,638.703,"Mount",1.408,0.100,0.339,-1.405,0.000,-1.405,0,,87,N,,,355408,153.35,1
Guiding Ends at 2026-09-07 21:54:50

Guiding Begins at 2026-09-07 22:29:42
Equipment Profile = C8_QHY695A
Dither = both axes, Dither scale = 1.000, Image noise reduction = none, Guide-frame time lapse = 0, Server enabled
Pixel scale = 0.61 arc-sec/px, Binning = 1, Focal length = 1260 mm
Search region = 15 px, Star mass tolerance = 50.0%, Multi-star mode, list size = 12
 Camera = QHY5LII-M-6017e860ba8d9a45f (ASCOM), full size = 1280 x 960, have dark, dark dur = 3500, no defect map, pixel size = 3.8 um
Exposure = 3500 ms
Mount = GPUSB, connected, guiding enabled, AuxMount=CPWI_ASCOM_Telescope, xAngle = 107.9, xRate = 3.868, yAngle = -153.7, yRate = 16.102, parity = +/-
Norm rates RA = 10.5"/s @ dec 0, Dec = 9.9"/s; ortho.err. = 8.3 deg
X guide algorithm = Hysteresis, Hysteresis = 0.100, Aggression = 0.850, Minimum move = 0.552
Y guide algorithm = Resist Switch, Minimum move = 0.850 Aggression = 100% FastSwitch = enabled
Backlash comp = disabled, pulse = 20 ms
Max RA duration = 2500, Max DEC duration = 2500, DEC guide mode = Auto
RA Guide Speed = 14.9 a-s/s, Dec Guide Speed = 14.9 a-s/s, Cal Dec = 0.0, Last Cal Issue = None, Timestamp = 06/09/2026 21:20:23
RA = 20.27 hr, Dec = 76.9 deg, Hour angle = 0.13 hr, Pier side = East, Rotator pos = N/A, Alt = 55.5 deg, Az = 359.2 deg
Lock position = 1132.340, 782.759, Star position = 1132.340, 782.759, HFD = 5.37 px
Frame,Time,mount,dx,dy,RARawDistance,DECRawDistance,RAGuideDistance,DECGuideDistance,RADuration,RADirection,DECDuration,DECDirection,XStep,YStep,StarMass,SNR,ErrorCode
INFO: SETTLING STATE CHANGE, Settling started
1,5.445,"Mount",1.426,0.348,-0.108,-1.464,0.000,0.000,0,,0,,,,205320,97.40,1
2,10.137,"Mount",2.085,1.297,0.592,-2.273,0.453,0.000,117,W,0,,,,203842,102.02,1
3,14.598,"DROP",,,,,,,,,,,,,0,0.00,2,"Stella persa per SNR basso"
4,18.904,"DROP",,,,,,,,,,,,,0,0.00,2,"Stella persa per SNR basso"
5,23.161,"DROP",,,,,,,,,,,,,0,0.00,2,"Stella persa per SNR basso"
6,27.122,"DROP",,,,,,,,,,,,,0,0.00,2,"Stella persa per SNR basso"
Guiding Ends at 2026-09-07 22:30:13
INFO: SETTLING STATE CHANGE, Settling failed

Guiding Begins at 2026-09-07 22:50:21
Equipment Profile = C8_QHY695A
Dither = both axes, Dither scale = 1.000, Image noise reduction = none, Guide-frame time lapse = 0, Server enabled
Pixel scale = 0.61 arc-sec/px, Binning = 1, Focal length = 1260 mm
Search region = 15 px, Star mass tolerance = 50.0%, Multi-star mode, list size = 12
 Camera = QHY5LII-M-6017e860ba8d9a45f (ASCOM), full size = 1280 x 960, have dark, dark dur = 3000, no defect map, pixel size = 3.8 um
Exposure = 3000 ms
Mount = GPUSB, connected, guiding enabled, AuxMount=CPWI_ASCOM_Telescope, xAngle = 107.9, xRate = 15.766, yAngle = -153.7, yRate = 16.102, parity = +/-
Norm rates RA = 10.5"/s @ dec 0, Dec = 9.9"/s; ortho.err. = 8.3 deg
X guide algorithm = Hysteresis, Hysteresis = 0.100, Aggression = 0.850, Minimum move = 0.552
Y guide algorithm = Resist Switch, Minimum move = 0.850 Aggression = 100% FastSwitch = enabled
Backlash comp = disabled, pulse = 20 ms
Max RA duration = 2500, Max DEC duration = 2500, DEC guide mode = Auto
RA Guide Speed = 14.9 a-s/s, Dec Guide Speed = 14.9 a-s/s, Cal Dec = 0.0, Last Cal Issue = None, Timestamp = 06/09/2026 21:20:23
RA = 20.01 hr, Dec = 22.8 deg, Hour angle = 0.73 hr, Pier side = East, Rotator pos = N/A, Alt = 68.3 deg, Az = 208.2 deg
Lock position = 37.947, 786.096, Star position = 37.947, 786.096, HFD = 5.51 px
Frame,Time,mount,dx,dy,RARawDistance,DECRawDistance,RAGuideDistance,DECGuideDistance,RADuration,RADirection,DECDuration,DECDirection,XStep,YStep,StarMass,SNR,ErrorCode
INFO: SETTLING STATE CHANGE, Settling started
1,4.307,"Mount",-0.709,0.743,0.926,0.575,0.708,0.000,45,W,0,,,,115637,72.93,1
2,7.981,"Mount",-1.015,1.494,1.735,0.750,1.387,0.000,88,W,0,,,,103936,70.67,1
3,11.562,"Mount",0.181,-1.877,-1.842,0.136,-1.291,0.000,82,E,0,,,,123885,78.68,1
4,15.191,"Mount",-1.392,0.900,1.286,1.222,0.874,0.000,55,W,0,,,,109458,74.74,1
5,19.124,"Mount",-1.179,2.501,2.743,0.744,2.173,0.000,138,W,0,,,,113409,77.00,1
6,22.878,"Mount",-1.490,1.480,1.867,1.221,1.613,0.000,102,W,0,,,,111404,70.11,1
7,29.823,"Mount",-0.490,-2.256,-1.995,0.861,-1.389,0.861,88,E,53,S,,,113212,77.21,1
8,33.899,"Mount",-1.872,1.402,1.911,1.611,1.344,1.611,85,W,100,S,,,124830,79.00,1
9,37.843,"Mount",-2.001,0.736,1.317,1.850,1.122,1.850,71,W,115,S,,,119625,74.17,1
INFO: SETTLING STATE CHANGE, Settling failed
10,41.733,"Mount",-1.607,-0.218,0.288,1.621,0.000,1.621,0,,101,S,,,117185,76.58,1
11,45.706,"Mount",-0.727,-3.258,-2.876,1.262,-2.200,1.262,140,E,78,S,,,119642,81.94,1
12,49.620,"Mount",-0.819,-2.550,-2.173,1.235,-1.850,1.235,117,E,77,S,,,114119,77.01,1
13,53.259,"Mount",-1.478,0.002,0.458,1.457,0.000,1.457,0,,90,S,,,119008,81.57,1
14,57.392,"Mount",-3.580,3.664,4.589,2.916,3.510,2.916,223,W,181,S,,,114042,77.05,1
15,61.394,"Mount",-2.915,1.793,2.604,2.573,2.291,2.573,145,W,160,S,,,107065,61.44,1
16,65.383,"Mount",-2.355,-0.662,0.096,2.432,0.000,2.432,0,,151,S,,,120803,75.03,1
17,69.490,"Mount",1.011,-1.995,-2.209,-0.663,-1.690,0.000,107,E,0,,,,115513,76.46,1
18,74.422,"Mount",0.685,-0.894,-1.062,-0.526,-0.956,0.000,61,E,0,,,,120607,78.75,1
19,77.855,"Mount",0.061,0.177,0.149,-0.090,0.000,0.000,0,,0,,,,121237,81.99,1
20,81.609,"Mount",0.196,-0.810,-0.831,-0.058,-0.636,0.000,40,E,0,,,,121404,82.35,1
21,85.214,"Mount",0.075,0.134,0.104,-0.096,0.000,0.000,0,,0,,,,123266,90.58,1
22,88.838,"Mount",-0.416,0.561,0.662,0.316,0.506,0.000,32,W,0,,,,115876,73.81,1
23,92.388,"Mount",0.614,-1.533,-1.647,-0.349,-1.217,0.000,77,E,0,,,,117034,88.54,1
24,96.158,"Mount",-0.126,-0.380,-0.322,0.187,0.000,0.000,0,,0,,,,114277,75.16,1
25,99.957,"Mount",0.134,-0.615,-0.627,-0.029,-0.479,0.000,30,E,0,,,,122594,82.60,1
26,103.638,"Mount",-0.403,0.371,0.477,0.335,0.000,0.000,0,,0,,,,119667,77.30,1
27,107.605,"Mount",-1.039,1.030,1.300,0.851,0.995,0.851,63,W,53,S,,,116887,71.87,1
28,111.320,"Mount",0.144,-1.822,-1.778,0.163,-1.275,0.000,81,E,0,,,,116582,70.86,1
29,115.128,"Mount",0.467,-1.359,-1.436,-0.233,-1.207,0.000,77,E,0,,,,124278,87.23,1
30,118.623,"Mount",-0.864,0.708,0.940,0.733,0.616,0.000,39,W,0,,,,119963,74.01,1
31,122.579,"Mount",-3.680,3.067,4.052,3.114,3.152,3.114,200,W,193,S,,,117352,77.83,1
32,126.224,"Mount",-0.665,0.182,0.378,0.625,0.000,0.000,0,,0,,,,113888,77.88,1
33,129.709,"Mount",-0.156,0.251,0.287,0.112,0.000,0.000,0,,0,,,,116774,82.02,1
34,133.274,"Mount",0.792,0.115,-0.134,-0.800,0.000,0.000,0,,0,,,,118132,81.56,1
35,136.820,"Mount",0.602,-0.561,-0.720,-0.500,-0.551,0.000,35,E,0,,,,116002,83.83,1
36,140.238,"Mount",0.540,0.365,0.181,-0.594,0.000,0.000,0,,0,,,,123449,94.98,1
37,144.238,"Mount",-1.664,2.755,3.134,1.179,2.398,1.179,152,W,73,S,,,121218,75.88,1
38,147.964,"Mount",-1.203,1.188,1.501,0.988,1.352,0.988,86,W,61,S,,,99937,66.65,1
39,151.510,"Mount",-0.139,-0.054,-0.009,0.147,0.000,0.000,0,,0,,,,125375,79.78,1
40,155.373,"Mount",1.130,-1.614,-1.884,-0.844,-1.441,0.000,91,E,0,,,,125391,91.66,1
41,159.142,"Mount",-0.387,0.586,0.676,0.284,0.395,0.000,25,W,0,,,,106849,70.46,1
42,162.715,"Mount",-0.019,-1.116,-1.055,0.206,-0.774,0.000,49,E,0,,,,112433,68.87,1
43,166.462,"Mount",1.175,-0.548,-0.883,-1.066,-0.742,0.000,47,E,0,,,,112598,74.72,1
44,170.277,"Mount",0.389,0.739,0.583,-0.507,0.383,0.000,24,W,0,,,,114428,78.35,1
45,174.021,"Mount",0.892,-1.888,-2.071,-0.564,-1.552,0.000,98,E,0,,,,116828,74.82,1
46,177.755,"Mount",0.283,-1.356,-1.377,-0.052,-1.185,0.000,75,E,0,,,,121013,70.63,1
47,181.373,"Mount",0.638,-0.085,-0.277,-0.615,0.000,0.000,0,,0,,,,104857,69.82,1
48,185.163,"Mount",-1.040,1.227,1.488,0.820,1.138,0.000,72,W,0,,,,120490,88.53,1
49,188.634,"Mount",0.855,-0.186,-0.441,-0.812,0.000,0.000,0,,0,,,,107966,66.11,1
50,192.222,"Mount",0.994,-1.241,-1.487,-0.772,-1.138,0.000,72,E,0,,,,116856,77.32,1
51,195.932,"Mount",1.139,-1.966,-2.221,-0.793,-1.796,0.000,114,E,0,,,,112761,76.29,1
52,199.780,"Mount",1.159,-2.061,-2.318,-0.797,-1.926,0.000,122,E,0,,,,120207,79.13,1
53,203.304,"Mount",0.122,0.481,0.420,-0.201,0.000,0.000,0,,0,,,,110746,76.22,1
54,207.473,"Mount",-4.094,6.587,7.528,2.933,5.759,2.933,365,W,182,S,,,115537,79.97,1
55,211.260,"Mount",1.431,-0.973,-1.367,-1.248,-0.556,0.000,35,E,0,,,,57908,40.60,1
56,214.868,"Mount",1.989,-1.383,-1.929,-1.729,-1.523,0.000,97,E,0,,,,108252,65.80,1
57,218.308,"Mount",0.437,-0.212,-0.336,-0.395,0.000,0.000,0,,0,,,,108211,69.45,1
58,222.184,"Mount",0.390,0.738,0.582,-0.508,0.445,0.000,28,W,0,,,,115123,76.07,1
59,225.887,"Mount",0.086,-1.297,-1.260,0.132,-0.926,0.000,59,E,0,,,,105614,66.66,1
60,229.681,"Mount",-0.255,-1.249,-1.109,0.461,-0.927,0.000,59,E,0,,,,111821,75.25,1
61,233.507,"Mount",1.359,-1.089,-1.455,-1.157,-1.192,0.000,76,E,0,,,,117535,81.51,1
62,237.210,"Mount",0.242,-0.725,-0.764,-0.117,-0.686,0.000,44,E,0,,,,110042,68.02,1
63,240.858,"Mount",1.292,-0.304,-0.687,-1.222,-0.584,-1.222,37,E,76,N,,,108729,71.45,1
64,244.535,"Mount",-0.484,0.608,0.727,0.375,0.507,0.000,32,W,0,,,,113117,76.82,1
65,248.108,"Mount",-0.779,1.508,1.675,0.515,1.324,0.000,84,W,0,,,,103559,68.35,1
66,251.827,"Mount",0.576,-2.462,-2.520,-0.156,-1.815,0.000,115,E,0,,,,114020,74.25,1
67,255.626,"Mount",0.032,0.035,0.023,-0.037,0.000,0.000,0,,0,,,,107368,68.82,1
68,259.261,"Mount",0.190,-0.461,-0.497,-0.110,0.000,0.000,0,,0,,,,122035,80.80,1
69,262.836,"Mount",0.505,-0.722,-0.843,-0.377,-0.645,0.000,41,E,0,,,,121292,76.92,1
70,266.590,"Mount",0.568,-0.498,-0.649,-0.477,-0.551,0.000,35,E,0,,,,105032,65.94,1
71,270.323,"Mount",-3.029,4.081,4.816,2.302,3.637,0.000,231,W,0,,,,107737,69.26,1
72,274.063,"Mount",-1.527,2.116,2.483,1.151,2.209,0.000,140,W,0,,,,99537,63.70,1
73,277.949,"Mount",0.729,-1.139,-1.308,-0.528,-0.813,0.000,52,E,0,,,,117117,74.32,1
74,281.735,"Mount",0.603,-2.132,-2.214,-0.238,-1.763,0.000,112,E,0,,,,115229,78.77,1
75,285.647,"Mount",-0.077,-2.102,-1.976,0.428,-1.661,0.000,105,E,0,,,,104431,68.01,1
76,289.629,"Mount",-1.303,1.563,1.889,1.023,1.304,1.023,83,W,64,S,,,112684,65.53,1
77,293.804,"Mount",-3.644,4.130,5.052,2.901,3.975,2.901,252,W,180,S,,,111466,67.83,1
78,297.401,"Mount",0.450,0.406,0.247,-0.512,0.000,0.000,0,,0,,,,93674,54.69,1
79,301.025,"Mount",-0.565,0.658,0.800,0.447,0.612,0.000,39,W,0,,,,115011,75.54,1
80,304.611,"Mount",-0.742,-0.362,-0.116,0.792,0.000,0.000,0,,0,,,,101805,63.14,1
81,308.084,"Mount",-0.108,0.127,0.154,0.085,0.000,0.000,0,,0,,,,108158,66.91,1
82,311.602,"Mount",-0.216,-0.136,-0.063,0.236,0.000,0.000,0,,0,,,,105670,67.10,1
83,315.381,"Mount",-1.427,1.631,1.992,1.133,1.524,1.133,97,W,70,S,,,104357,63.27,1
84,319.177,"Mount",-0.702,0.624,0.810,0.587,0.749,0.000,47,W,0,,,,105311,70.87,1
85,322.758,"Mount",2.078,-1.432,-2.003,-1.808,-1.469,0.000,93,E,0,,,,109500,73.99,1
86,326.445,"Mount",1.532,-2.427,-2.781,-1.104,-2.253,0.000,143,E,0,,,,105682,72.33,1
87,330.233,"Mount",-1.553,3.740,4.037,0.905,2.897,0.905,184,W,56,S,,,96861,59.31,1
88,334.061,"Mount",-1.360,3.985,4.210,0.674,3.467,0.000,220,W,0,,,,107814,72.16,1
89,337.854,"Mount",-0.493,2.822,2.837,0.014,2.465,0.000,156,W,0,,,,94920,55.37,1
90,341.566,"Mount",1.095,-1.607,-1.866,-0.810,-1.218,0.000,77,E,0,,,,107432,66.23,1
91,345.616,"Mount",2.355,-4.442,-4.952,-1.578,-3.891,0.000,247,E,0,,,,113172,71.43,1
INFO: SET LOCK POSITION, new lock pos = 37.947, 786.096
INFO: DITHER by -4.987, 0.636, new lock pos = 38.880, 781.156
INFO: SETTLING STATE CHANGE, Settling started
92,350.326,"Mount",-0.932,4.941,4.987,-0.636,4.987,-0.636,316,W,39,N,,,92974,59.92,1
93,354.104,"Mount",0.785,-1.028,-1.220,-0.602,-0.933,0.000,59,E,0,,,,116824,76.84,1
94,357.670,"Mount",1.480,0.025,-0.432,-1.463,0.000,0.000,0,,0,,,,117259,77.84,1
95,361.427,"Mount",0.002,2.287,2.175,-0.385,1.664,0.000,106,W,0,,,,115238,70.94,1
96,365.252,"Mount",0.673,0.906,0.655,-0.815,0.643,0.000,41,W,0,,,,104769,69.64,1
97,369.847,"Mount",3.660,-6.780,-7.578,-2.473,-5.743,0.000,364,E,0,,,,114800,73.45,1
98,374.260,"Mount",3.660,-5.897,-6.738,-2.621,-5.643,-2.621,358,E,163,N,,,76335,53.71,1
99,378.344,"Mount",-2.622,10.089,10.406,0.896,7.481,0.000,475,W,0,,,,98177,61.85,1
100,381.881,"Mount",0.851,-0.110,-0.367,-0.821,0.000,0.000,0,,0,,,,54672,38.20,1
101,385.962,"Mount",1.101,-2.074,-2.313,-0.738,-1.769,0.000,112,E,0,,,,118195,77.86,1
INFO: SETTLING STATE CHANGE, Settling failed
102,390.260,"Mount",1.104,-0.552,-0.865,-0.996,-0.812,-0.996,52,E,62,N,,,107539,66.96,1
103,394.381,"Mount",1.105,-0.974,-1.267,-0.927,-1.038,-0.927,66,E,58,N,,,115868,73.11,1
104,398.137,"Mount",-0.420,-0.374,-0.226,0.476,0.000,0.000,0,,0,,,,110225,72.81,1
105,401.849,"Mount",-0.325,-0.181,-0.072,0.350,0.000,0.000,0,,0,,,,113634,73.59,1
106,405.407,"Mount",-0.136,0.081,0.119,0.121,0.000,0.000,0,,0,,,,111154,70.08,1
107,409.271,"Mount",-1.017,-1.312,-0.935,1.222,-0.715,0.000,45,E,0,,,,115455,78.81,1
108,412.915,"Mount",-0.432,-1.326,-1.128,0.648,-0.924,0.000,59,E,0,,,,117033,80.09,1
109,416.637,"Mount",-1.226,3.498,3.706,0.623,2.756,0.000,175,W,0,,,,106827,63.61,1
110,420.346,"Mount",-0.961,0.787,1.045,0.816,1.033,0.000,66,W,0,,,,103342,69.78,1
111,423.897,"Mount",-0.592,-0.027,0.156,0.588,0.000,0.000,0,,0,,,,104725,71.54,1
112,427.510,"Mount",-0.154,-1.159,-1.055,0.346,-0.807,0.000,51,E,0,,,,118056,79.63,1
113,431.218,"Mount",0.031,-2.187,-2.090,0.336,-1.667,0.000,106,E,0,,,,113335,74.04,1
114,434.877,"Mount",-1.073,1.725,1.972,0.769,1.367,0.000,87,W,0,,,,114348,69.90,1
115,438.534,"Mount",-0.929,1.139,1.370,0.726,1.164,0.000,74,W,0,,,,115472,81.18,1
116,442.316,"Mount",-1.234,2.399,2.663,0.815,2.136,0.000,135,W,0,,,,116144,79.84,1
117,446.146,"Mount",-1.672,3.354,3.706,1.087,3.017,0.000,191,W,0,,,,117434,80.00,1
118,449.990,"Mount",0.258,-3.554,-3.461,0.341,-2.391,0.000,152,E,0,,,,110884,72.07,1
119,453.758,"Mount",-0.788,-1.637,-1.314,1.051,-1.208,0.000,77,E,0,,,,105081,75.26,1
120,457.399,"Mount",-0.800,0.450,0.675,0.713,0.413,0.000,26,W,0,,,,118330,80.60,1
121,461.267,"Mount",-1.062,2.798,2.989,0.579,2.322,0.000,147,W,0,,,,105933,68.87,1
122,465.503,"Mount",-0.576,-0.145,0.039,0.592,0.000,0.000,0,,0,,,,115033,76.13,1
123,469.342,"Mount",-0.804,-0.228,0.031,0.831,0.000,0.000,0,,0,,,,125097,84.19,1
124,473.490,"Mount",-0.193,-1.750,-1.605,0.483,-1.228,0.000,78,E,0,,,,120861,79.07,1
125,477.380,"Mount",-1.013,0.803,1.076,0.864,0.718,0.000,46,W,0,,,,121194,76.22,1
126,480.975,"Mount",-0.412,0.008,0.134,0.405,0.000,0.000,0,,0,,,,117392,81.26,1
127,484.577,"Mount",-0.081,0.320,0.329,0.026,0.000,0.000,0,,0,,,,122525,83.34,1
128,488.366,"Mount",-1.305,0.473,0.852,1.207,0.652,0.000,41,W,0,,,,115781,78.20,1
129,492.286,"Mount",-0.684,-1.628,-1.339,0.947,-0.969,0.947,61,E,59,S,,,115136,78.16,1
130,496.728,"Mount",-1.269,-1.802,-1.323,1.553,-1.094,1.553,69,E,96,S,,,105719,60.47,1
131,500.712,"Mount",-1.383,-1.347,-0.855,1.589,-0.747,1.589,47,E,99,S,,,101018,66.25,1
132,505.327,"Mount",-4.514,11.443,12.277,2.534,9.328,2.534,592,W,157,S,,,105321,66.22,1
133,510.436,"Mount",-4.395,12.290,13.046,2.275,10.773,2.275,683,W,141,S,,,64987,52.85,1
134,513.989,"DROP",,,,,,,,,,,,,23010,25.69,7,"Stella per per cambiamento di massa"
135,517.738,"DROP",,,,,,,,,,,,,0,0.00,2,"Stella persa per SNR basso"
136,521.493,"DROP",,,,,,,,,,,,,0,0.00,2,"Stella persa per SNR basso"
137,525.258,"DROP",,,,,,,,,,,,,0,0.00,2,"Stella persa per SNR basso"
138,528.813,"DROP",,,,,,,,,,,,,0,0.00,2,"Stella persa per SNR basso"
139,532.647,"DROP",,,,,,,,,,,,,0,0.00,2,"Stella persa per SNR basso"
140,536.211,"DROP",,,,,,,,,,,,,0,0.00,2,"Stella persa per SNR basso"
141,539.708,"DROP",,,,,,,,,,,,,0,0.00,2,"Stella persa per SNR basso"
142,543.299,"DROP",,,,,,,,,,,,,0,0.00,3,"Stella persa per bassa massa"
143,546.827,"DROP",,,,,,,,,,,,,0,0.00,2,"Stella persa per SNR basso"
144,550.369,"DROP",,,,,,,,,,,,,0,0.00,2,"Stella persa per SNR basso"
145,553.998,"DROP",,,,,,,,,,,,,0,0.00,2,"Stella persa per SNR basso"
146,557.516,"DROP",,,,,,,,,,,,,0,0.00,2,"Stella persa per SNR basso"
INFO: Guiding parameter change, Exposure = 3500 ms
147,561.048,"DROP",,,,,,,,,,,,,0,0.00,2,"Stella persa per SNR basso"
148,566.649,"DROP",,,,,,,,,,,,,0,0.00,2,"Stella persa per SNR basso"
149,570.634,"DROP",,,,,,,,,,,,,0,0.00,2,"Stella persa per SNR basso"
150,574.607,"DROP",,,,,,,,,,,,,0,0.00,2,"Stella persa per SNR basso"
Guiding Ends at 2026-09-07 22:59:58

Guiding Begins at 2026-09-07 23:00:07
Equipment Profile = C8_QHY695A
Dither = both axes, Dither scale = 1.000, Image noise reduction = none, Guide-frame time lapse = 0, Server enabled
Pixel scale = 0.61 arc-sec/px, Binning = 1, Focal length = 1260 mm
Search region = 15 px, Star mass tolerance = 50.0%, Multi-star mode, list size = 1
 Camera = QHY5LII-M-6017e860ba8d9a45f (ASCOM), full size = 1280 x 960, have dark, dark dur = 3500, no defect map, pixel size = 3.8 um
Exposure = 3500 ms
Mount = GPUSB, connected, guiding enabled, AuxMount=CPWI_ASCOM_Telescope, xAngle = 107.9, xRate = 15.757, yAngle = -153.7, yRate = 16.102, parity = +/-
Norm rates RA = 10.5"/s @ dec 0, Dec = 9.9"/s; ortho.err. = 8.3 deg
X guide algorithm = Hysteresis, Hysteresis = 0.100, Aggression = 0.850, Minimum move = 0.552
Y guide algorithm = Resist Switch, Minimum move = 0.850 Aggression = 100% FastSwitch = enabled
Backlash comp = disabled, pulse = 20 ms
Max RA duration = 2500, Max DEC duration = 2500, DEC guide mode = Auto
RA Guide Speed = 14.9 a-s/s, Dec Guide Speed = 14.9 a-s/s, Cal Dec = 0.0, Last Cal Issue = None, Timestamp = 06/09/2026 21:20:23
RA = 20.01 hr, Dec = 22.9 deg, Hour angle = 0.89 hr, Pier side = East, Rotator pos = N/A, Alt = 67.5 deg, Az = 213.8 deg
Lock position = 46.452, 770.893, Star position = 46.452, 770.893, HFD = 5.87 px
Frame,Time,mount,dx,dy,RARawDistance,DECRawDistance,RAGuideDistance,DECGuideDistance,RADuration,RADirection,DECDuration,DECDirection,XStep,YStep,StarMass,SNR,ErrorCode
1,4.334,"Mount",0.154,2.538,2.367,-0.577,1.811,0.000,115,W,0,,,,187092,93.98,1
2,8.302,"Mount",0.078,3.093,2.919,-0.595,2.387,0.000,151,W,0,,,,176197,98.82,1
3,12.090,"Mount",0.250,0.522,0.420,-0.334,0.000,0.000,0,,0,,,,177152,92.10,1
4,16.249,"Mount",0.380,-1.103,-1.166,-0.190,-0.892,0.000,57,E,0,,,,171420,81.51,1
5,20.255,"Mount",0.218,0.780,0.675,-0.346,0.441,0.000,28,W,0,,,,174225,85.15,1
6,24.386,"Mount",-0.485,3.543,3.520,-0.115,2.730,0.000,173,W,0,,,,182742,91.15,1
7,28.423,"Mount",0.022,-0.461,-0.446,0.055,0.000,0.000,0,,0,,,,175457,104.32,1
8,32.892,"Mount",1.082,-1.161,-1.439,-0.873,-1.100,0.000,70,E,0,,,,171320,96.75,1
9,37.044,"Mount",0.311,1.010,0.865,-0.476,0.568,0.000,36,W,0,,,,174349,86.90,1
10,41.450,"Mount",-1.761,4.017,4.364,1.064,3.387,0.000,215,W,0,,,,174721,94.90,1
11,45.567,"Mount",0.748,-1.326,-1.492,-0.515,-0.854,0.000,54,E,0,,,,184266,87.13,1
12,50.162,"Mount",-0.537,0.588,0.724,0.431,0.482,0.000,31,W,0,,,,171253,89.35,1
13,54.248,"Mount",0.518,-1.654,-1.733,-0.233,-1.285,0.000,82,E,0,,,,176415,86.20,1
14,58.476,"Mount",0.981,-3.842,-3.958,-0.324,-3.137,0.000,199,E,0,,,,174138,87.66,1
15,62.680,"Mount",0.825,-3.195,-3.294,-0.278,-2.787,0.000,177,E,0,,,,165982,85.00,1
16,67.137,"Mount",-2.216,6.597,6.959,1.080,5.087,0.000,323,W,0,,,,166116,81.44,1
17,71.406,"Mount",-1.316,3.482,3.718,0.714,3.276,0.000,208,W,0,,,,180543,97.78,1
18,75.611,"Mount",-0.975,0.762,1.025,0.833,1.063,0.000,67,W,0,,,,171768,75.46,1
19,80.032,"Mount",0.426,-3.298,-3.268,0.132,-2.410,0.000,153,E,0,,,,164408,86.97,1
20,84.752,"Mount",1.301,-5.346,-5.487,-0.388,-4.402,0.000,279,E,0,,,,183782,97.07,1
21,89.221,"Mount",-1.969,4.115,4.521,1.252,3.085,0.000,196,W,0,,,,100617,55.12,1
22,93.841,"Mount",-1.874,4.210,4.582,1.142,3.768,1.142,239,W,71,S,,,129732,69.64,1
23,97.943,"Mount",0.360,-3.304,-3.254,0.198,-2.169,0.000,138,E,0,,,,171441,78.05,1
24,102.287,"Mount",3.441,-5.770,-6.550,-2.426,-5.195,0.000,330,E,0,,,,171867,84.72,1
25,106.162,"Mount",1.301,-0.079,-0.476,-1.270,0.000,0.000,0,,0,,,,137750,64.43,1
26,110.542,"Mount",1.332,1.398,0.920,-1.548,0.704,0.000,45,W,0,,,,178195,87.19,1
27,114.717,"Mount",1.059,1.060,0.682,-1.221,0.581,0.000,37,W,0,,,,194223,114.93,1
28,118.912,"Mount",1.314,0.571,0.138,-1.391,0.000,-1.391,0,,86,N,,,174936,83.69,1
29,123.486,"Mount",2.135,-3.923,-4.390,-1.448,-3.358,-1.448,213,E,90,N,,,159719,83.87,1
30,127.747,"Mount",0.845,-0.513,-0.749,-0.748,-0.858,0.000,54,E,0,,,,150335,68.96,1
31,131.904,"Mount",-0.170,2.964,2.872,-0.329,2.124,0.000,135,W,0,,,,190465,101.73,1
32,136.185,"Mount",-0.968,4.845,4.907,0.143,3.935,0.000,250,W,0,,,,169010,90.92,1
33,140.466,"Mount",1.655,-4.600,-4.886,-0.861,-3.404,-0.861,216,E,53,N,,,164723,87.95,1
34,144.642,"Mount",0.893,-1.124,-1.345,-0.692,-1.318,0.000,84,E,0,,,,183037,95.52,1
35,148.899,"Mount",-0.345,0.726,0.797,0.219,0.498,0.000,32,W,0,,,,161054,79.60,1
36,153.510,"Mount",-0.551,3.698,3.688,-0.076,2.864,0.000,182,W,0,,,,183582,106.60,1
37,157.638,"Mount",0.004,1.072,1.018,-0.184,1.022,0.000,65,W,0,,,,181047,104.17,1
38,161.583,"Mount",0.187,0.079,0.017,-0.197,0.000,0.000,0,,0,,,,182946,96.41,1
39,165.632,"Mount",-0.214,0.297,0.349,0.162,0.000,0.000,0,,0,,,,186311,101.68,1
40,169.929,"Mount",0.145,-0.430,-0.454,-0.071,0.000,0.000,0,,0,,,,178677,88.56,1
41,174.155,"Mount",-0.292,-0.537,-0.421,0.378,0.000,0.000,0,,0,,,,171644,88.71,1
42,178.164,"Mount",-0.073,-0.070,-0.044,0.084,0.000,0.000,0,,0,,,,175982,86.23,1
43,182.504,"Mount",-0.962,-0.171,0.134,0.977,0.000,0.000,0,,0,,,,179512,90.96,1
44,186.666,"Mount",-0.692,-0.328,-0.099,0.737,0.000,0.000,0,,0,,,,182924,91.74,1
45,191.077,"Mount",-1.200,0.311,0.666,1.131,0.509,0.000,32,W,0,,,,171968,82.18,1
46,195.159,"Mount",-0.049,-0.169,-0.146,0.077,0.000,0.000,0,,0,,,,182576,106.87,1
47,199.646,"Mount",-0.081,-1.638,-1.533,0.354,-1.173,0.000,74,E,0,,,,181636,102.84,1
48,203.824,"Mount",-0.737,0.442,0.648,0.652,0.396,0.000,25,W,0,,,,184288,89.22,1
49,207.862,"Mount",-1.004,-0.711,-0.367,1.109,0.000,1.109,0,,69,S,,,179421,93.64,1
50,212.011,"Mount",0.143,-2.109,-2.050,0.212,-1.568,0.000,100,E,0,,,,186487,102.21,1
51,216.159,"Mount",0.205,-1.926,-1.896,0.121,-1.584,0.000,101,E,0,,,,173061,86.67,1
52,220.518,"Mount",-1.391,3.133,3.409,0.846,2.473,0.000,157,W,0,,,,180747,100.65,1
53,225.060,"Mount",-1.902,3.227,3.656,1.335,3.007,1.335,191,W,83,S,,,179335,107.34,1
54,229.526,"Mount",-0.219,-2.865,-2.658,0.696,-1.778,0.000,113,E,0,,,,153313,78.54,1
55,233.766,"Mount",0.438,-4.379,-4.301,0.301,-3.441,0.000,218,E,0,,,,175138,81.95,1
56,237.950,"Mount",-0.516,-1.881,-1.630,0.824,-1.539,0.000,98,E,0,,,,188216,105.09,1
57,242.545,"Mount",-3.472,5.750,6.540,2.460,4.872,2.460,309,W,153,S,,,159712,81.69,1
58,247.080,"Mount",-1.725,1.416,1.878,1.464,1.851,1.464,117,W,91,S,,,124032,68.33,1
59,251.198,"Mount",-0.718,-0.294,-0.058,0.757,0.000,0.000,0,,0,,,,135323,70.43,1
60,256.028,"Mount",3.992,-6.038,-6.974,-2.925,-5.335,-2.925,339,E,182,N,,,179175,95.30,1
61,260.916,"Mount",2.123,-1.004,-1.610,-1.925,-1.685,-1.925,107,E,120,N,,,151901,89.92,1
62,265.146,"Mount",1.626,0.634,0.102,-1.710,0.000,-1.710,0,,106,N,,,180191,86.80,1
63,269.597,"Mount",0.395,4.091,3.770,-1.075,2.884,-1.075,183,W,67,N,,,182003,105.47,1
64,273.784,"Mount",1.306,0.406,-0.017,-1.356,0.000,-1.356,0,,84,N,,,193997,104.10,1
65,280.197,"Mount",1.030,1.028,0.660,-1.188,0.505,-1.188,32,W,74,N,,,179092,94.16,1
66,284.449,"Mount",1.481,-0.557,-0.986,-1.367,-0.711,-1.367,45,E,85,N,,,167421,87.25,1
67,288.980,"Mount",1.820,-1.536,-2.022,-1.537,-1.607,-1.537,102,E,95,N,,,181633,92.89,1
68,293.533,"Mount",1.938,-2.052,-2.549,-1.567,-2.087,-1.567,132,E,97,N,,,175667,96.87,1
69,297.630,"Mount",0.537,0.247,0.070,-0.571,0.000,0.000,0,,0,,,,190317,96.03,1
70,301.793,"Mount",-0.356,1.287,1.334,0.136,1.020,0.000,65,W,0,,,,178446,99.48,1
71,305.920,"Mount",-1.222,2.844,3.082,0.729,2.445,0.000,155,W,0,,,,198277,98.51,1
72,310.170,"Mount",-0.575,1.029,1.156,0.394,1.092,0.000,69,W,0,,,,176130,78.05,1
73,314.371,"Mount",0.184,-0.965,-0.974,-0.019,-0.653,0.000,41,E,0,,,,184111,94.70,1
74,318.366,"Mount",-0.639,-0.617,-0.390,0.733,0.000,0.000,0,,0,,,,191195,98.43,1
75,322.465,"Mount",-0.781,0.057,0.295,0.760,0.000,0.000,0,,0,,,,178125,89.03,1
76,326.601,"Mount",-0.667,1.085,1.238,0.475,0.947,0.000,60,W,0,,,,187197,98.95,1
77,330.495,"Mount",-0.780,0.035,0.273,0.763,0.000,0.000,0,,0,,,,195225,110.71,1
78,335.077,"Mount",0.634,-1.778,-1.887,-0.327,-1.443,0.000,92,E,0,,,,173383,88.23,1
79,339.490,"Mount",0.774,-1.761,-1.914,-0.468,-1.587,0.000,101,E,0,,,,174689,89.65,1
80,343.860,"Mount",-2.595,7.028,7.486,1.381,5.592,0.000,355,W,0,,,,179579,93.38,1
81,348.367,"Mount",-0.615,0.718,0.872,0.486,1.143,0.000,73,W,0,,,,112984,62.89,1
82,352.657,"Mount",0.486,-2.093,-2.141,-0.128,-1.540,0.000,98,E,0,,,,176367,105.73,1
83,357.152,"Mount",2.098,-5.831,-6.194,-1.092,-4.869,-1.092,309,E,68,N,,,174154,80.39,1
84,361.298,"Mount",-1.373,1.024,1.397,1.182,0.655,0.000,42,W,0,,,,157916,77.63,1
85,365.602,"Mount",-1.277,1.270,1.602,1.046,1.281,0.000,81,W,0,,,,190758,111.65,1
86,370.364,"Mount",-1.567,2.135,2.514,1.187,2.032,1.187,129,W,74,S,,,177292,84.03,1
87,375.003,"Mount",0.439,-3.196,-3.176,0.103,-2.257,0.000,143,E,0,,,,184992,107.38,1
88,379.203,"Mount",-0.862,0.017,0.282,0.847,0.000,0.000,0,,0,,,,173117,85.33,1
89,383.718,"Mount",-1.087,0.729,1.029,0.950,0.787,0.950,50,W,59,S,,,196592,106.51,1
90,387.729,"Mount",-0.801,-0.595,-0.319,0.890,0.000,0.890,0,,55,S,,,187053,108.54,1
91,392.282,"Mount",-0.619,-1.463,-1.201,0.855,-0.919,0.855,58,E,53,S,,,187252,102.39,1
92,396.728,"Mount",-0.183,-2.992,-2.790,0.681,-2.212,0.000,140,E,0,,,,193865,128.97,1
93,403.104,"Mount",-1.113,0.832,1.135,0.958,0.680,0.958,43,W,59,S,,,178975,94.81,1
94,407.375,"Mount",-0.902,0.069,0.343,0.878,0.000,0.878,0,,55,S,,,195084,102.48,1
INFO: SET LOCK POSITION, new lock pos = 46.452, 770.893
INFO: DITHER by -3.067, 3.087, new lock pos = 44.460, 767.023
INFO: SETTLING STATE CHANGE, Settling started
95,414.531,"Mount",1.992,3.869,3.067,-3.087,3.067,-3.087,195,W,192,N,,,190570,98.84,1
96,419.228,"Mount",3.024,-1.401,-2.265,-2.747,-1.733,-2.747,110,E,171,N,,,137191,73.85,1
97,423.805,"Mount",4.074,-2.546,-3.677,-3.590,-2.960,-3.590,188,E,223,N,,,186430,97.36,1
98,427.996,"Mount",0.096,3.885,3.666,-0.745,2.553,0.000,162,W,0,,,,185053,97.38,1
99,434.302,"Mount",0.761,1.894,1.568,-1.068,1.416,-1.068,90,W,66,N,,,190012,92.70,1
100,438.726,"Mount",0.617,-3.666,-3.678,0.006,-2.693,0.000,171,E,0,,,,158077,75.35,1
101,443.054,"Mount",0.842,-4.536,-4.575,-0.071,-3.729,0.000,237,E,0,,,,178857,85.93,1
102,447.231,"Mount",0.236,-2.178,-2.145,0.133,-1.958,0.000,124,E,0,,,,184190,91.21,1
INFO: SETTLING STATE CHANGE, Settling failed
103,451.393,"Mount",-0.903,0.866,1.102,0.745,0.676,0.000,43,W,0,,,,178316,87.97,1
104,455.759,"Mount",-2.705,6.837,7.338,1.522,5.671,0.000,360,W,0,,,,188775,112.73,1
105,460.200,"Mount",-1.152,1.019,1.324,0.965,1.495,0.000,95,W,0,,,,154901,72.73,1
106,464.677,"Mount",-0.578,-1.406,-1.160,0.805,-0.760,0.000,48,E,0,,,,180731,84.99,1
107,468.767,"Mount",0.611,-3.494,-3.512,-0.017,-2.751,0.000,175,E,0,,,,179562,86.34,1
108,472.775,"Mount",-1.502,2.097,2.457,1.129,1.646,0.000,104,W,0,,,,184937,90.87,1
109,476.799,"Mount",-1.176,2.211,2.466,0.789,2.027,0.000,129,W,0,,,,182216,100.74,1
110,480.847,"Mount",-0.712,-1.418,-1.129,0.939,-0.692,0.939,44,E,58,S,,,164082,81.44,1
111,484.847,"Mount",0.522,-2.680,-2.710,-0.066,-2.132,0.000,135,E,0,,,,189736,93.45,1
112,488.810,"Mount",0.089,-1.773,-1.714,0.210,-1.493,0.000,95,E,0,,,,168170,96.01,1
113,492.831,"Mount",-0.702,1.600,1.738,0.425,1.203,0.000,76,W,0,,,,188940,109.87,1
114,497.146,"Mount",-0.914,3.478,3.590,0.318,2.849,0.000,181,W,0,,,,188326,95.03,1
115,503.957,"Mount",-0.171,-1.174,-1.064,0.366,-0.572,0.000,36,E,0,,,,194881,95.53,1
116,507.823,"Mount",-0.342,-0.264,-0.146,0.381,0.000,0.000,0,,0,,,,187717,89.84,1
117,512.388,"Mount",-0.414,0.424,0.531,0.338,0.000,0.000,0,,0,,,,191914,96.48,1
118,516.680,"Mount",-1.017,2.154,2.362,0.642,1.807,0.000,115,W,0,,,,182209,92.32,1
119,521.045,"Mount",-1.655,3.564,3.901,1.035,3.138,1.035,199,W,64,S,,,196487,96.72,1
120,525.312,"Mount",0.765,-4.311,-4.337,-0.033,-3.051,0.000,194,E,0,,,,188432,94.94,1
121,529.538,"Mount",0.011,-1.563,-1.491,0.251,-1.400,0.000,89,E,0,,,,173376,91.69,1
122,533.672,"Mount",-1.023,2.196,2.404,0.640,1.720,0.000,109,W,0,,,,169456,83.00,1
123,537.809,"Mount",-0.948,2.226,2.410,0.562,1.990,0.000,126,W,0,,,,176883,87.22,1
124,541.758,"Mount",-0.806,-0.099,0.154,0.811,0.000,0.000,0,,0,,,,187985,94.57,1
125,546.292,"Mount",0.724,-3.937,-3.969,-0.055,-3.036,0.000,193,E,0,,,,177217,89.52,1
126,550.893,"Mount",-0.027,-2.175,-2.061,0.391,-1.835,0.000,116,E,0,,,,174948,87.34,1
127,554.919,"Mount",-0.572,-0.278,-0.088,0.611,0.000,0.000,0,,0,,,,178757,85.76,1
128,559.354,"Mount",-1.035,0.839,1.117,0.880,0.854,0.880,54,W,55,S,,,193560,119.34,1
129,563.457,"Mount",-0.286,-0.783,-0.657,0.413,-0.430,0.000,27,E,0,,,,182863,96.28,1
130,567.798,"Mount",-0.230,-0.658,-0.555,0.337,-0.461,0.000,29,E,0,,,,196733,118.04,1
131,571.762,"Mount",-0.445,0.101,0.233,0.422,0.000,0.000,0,,0,,,,189950,101.62,1
132,576.325,"Mount",-1.643,1.551,1.982,1.360,1.516,1.360,96,W,84,S,,,182566,90.24,1
133,580.866,"Mount",-1.830,2.778,3.207,1.339,2.582,1.339,164,W,83,S,,,186300,106.68,1
134,585.131,"Mount",-0.206,-1.350,-1.221,0.429,-0.714,0.000,45,E,0,,,,176318,83.70,1
135,590.219,"Mount",0.305,-2.283,-2.266,0.082,-1.794,0.000,114,E,0,,,,194447,114.99,1
136,594.515,"Mount",-0.302,-1.833,-1.651,0.604,-1.415,0.000,90,E,0,,,,172758,87.81,1
137,599.195,"Mount",-2.961,5.280,5.935,2.035,4.420,2.035,281,W,126,S,,,190787,91.68,1
138,603.616,"Mount",-1.936,3.903,4.310,1.255,3.673,1.255,233,W,78,S,,,178608,91.79,1
139,608.099,"Mount",-1.633,2.049,2.452,1.267,2.188,1.267,139,W,79,S,,,156134,79.08,1
140,612.459,"Mount",0.016,-2.572,-2.452,0.415,-1.690,0.000,107,E,0,,,,197303,116.82,1
141,616.954,"Mount",-0.441,-2.854,-2.579,0.913,-2.116,0.913,134,E,57,S,,,186972,98.87,1
142,621.131,"Mount",-1.598,1.827,2.231,1.270,1.527,1.270,97,W,79,S,,,188292,97.13,1
143,625.706,"Mount",-2.170,4.349,4.806,1.412,3.806,1.412,242,W,88,S,,,178750,85.42,1
144,630.240,"Mount",-1.723,3.553,3.911,1.104,3.315,1.104,210,W,69,S,,,182693,102.13,1
145,634.776,"Mount",1.537,-4.272,-4.538,-0.800,-3.189,0.000,202,E,0,,,,167779,79.73,1
146,638.922,"Mount",-0.230,1.069,1.088,0.048,0.561,0.000,36,W,0,,,,155940,86.74,1
147,643.211,"Mount",-0.914,4.790,4.839,0.099,3.749,0.000,238,W,0,,,,176385,80.45,1
148,647.704,"Mount",-0.272,1.935,1.925,-0.056,1.791,0.000,114,W,0,,,,178815,94.99,1
149,651.659,"Mount",0.640,-0.755,-0.916,-0.505,-0.548,0.000,35,E,0,,,,181500,89.43,1
150,655.994,"Mount",0.476,-1.023,-1.119,-0.298,-0.903,0.000,57,E,0,,,,180999,99.94,1
151,660.101,"Mount",0.185,0.357,0.283,-0.243,0.000,0.000,0,,0,,,,181212,93.42,1
152,664.557,"Mount",-0.690,2.299,2.399,0.295,1.836,0.000,116,W,0,,,,196400,104.49,1
153,668.880,"Mount",-0.818,4.228,4.274,0.099,3.426,0.000,217,W,0,,,,188470,97.19,1
154,673.085,"Mount",-0.425,2.487,2.497,0.003,2.202,0.000,140,W,0,,,,187056,88.50,1
155,677.408,"Mount",0.191,-1.290,-1.287,0.027,-0.797,0.000,51,E,0,,,,196134,99.82,1
156,681.593,"Mount",0.869,-2.471,-2.619,-0.442,-2.071,0.000,131,E,0,,,,169782,100.86,1
157,685.641,"Mount",-0.692,1.739,1.868,0.391,1.253,0.000,79,W,0,,,,179853,95.31,1
158,689.717,"Mount",-0.556,1.311,1.419,0.328,1.192,0.000,76,W,0,,,,176329,93.64,1
159,693.783,"Mount",0.619,-2.255,-2.335,-0.232,-1.685,0.000,107,E,0,,,,184420,102.26,1
160,697.946,"Mount",0.095,-1.657,-1.605,0.184,-1.371,0.000,87,E,0,,,,190612,103.86,1
161,701.859,"Mount",-0.226,-0.264,-0.181,0.267,0.000,0.000,0,,0,,,,187914,104.15,1
162,706.284,"Mount",-0.498,1.810,1.875,0.188,1.435,0.000,91,W,0,,,,192763,95.34,1
163,710.490,"Mount",-0.469,2.177,2.216,0.098,1.817,0.000,115,W,0,,,,194119,95.83,1
164,717.826,"Mount",2.334,-7.167,-7.538,-1.101,-5.612,0.000,356,E,0,,,,183816,90.30,1
165,722.038,"Mount",-0.038,1.396,1.340,-0.196,0.548,0.000,35,W,0,,,,162539,92.78,1
166,726.233,"Mount",-0.075,1.295,1.255,-0.143,1.007,0.000,64,W,0,,,,187437,91.17,1
167,730.263,"Mount",0.264,0.272,0.177,-0.306,0.000,0.000,0,,0,,,,192172,103.53,1
168,734.846,"Mount",1.112,-1.514,-1.783,-0.843,-1.364,0.000,87,E,0,,,,189704,100.42,1
169,739.141,"Mount",0.559,-1.996,-2.071,-0.217,-1.701,0.000,108,E,0,,,,187368,93.82,1
170,743.123,"Mount",0.059,0.529,0.485,-0.147,0.000,0.000,0,,0,,,,191628,103.78,1
171,747.399,"Mount",-0.590,1.613,1.717,0.311,1.313,0.000,83,W,0,,,,189632,97.05,1
172,751.528,"Mount",-0.541,3.010,3.030,0.029,2.430,0.000,154,W,0,,,,183252,90.03,1
173,755.749,"Mount",-0.860,2.702,2.836,0.395,2.376,0.000,151,W,0,,,,189829,105.30,1
174,760.248,"Mount",1.618,-5.237,-5.481,-0.718,-3.991,0.000,253,E,0,,,,182900,89.61,1
175,764.877,"Mount",0.066,-0.531,-0.525,0.024,0.000,0.000,0,,0,,,,156201,74.37,1
176,769.120,"Mount",0.208,0.932,0.822,-0.362,0.629,0.000,40,W,0,,,,182889,105.41,1
177,773.135,"Mount",-0.169,0.393,0.426,0.101,0.000,0.000,0,,0,,,,200980,108.05,1
178,780.842,"Mount",0.524,-1.352,-1.448,-0.290,-1.108,0.000,70,E,0,,,,184750,92.65,1
179,784.901,"Mount",-0.293,0.267,0.344,0.244,0.000,0.000,0,,0,,,,195285,116.98,1
180,789.162,"Mount",-1.079,1.604,1.858,0.795,1.422,0.000,90,W,0,,,,182306,91.81,1
181,793.186,"Mount",-0.920,0.896,1.136,0.757,0.990,0.000,63,W,0,,,,190302,102.36,1
182,797.207,"Mount",-0.506,-0.747,-0.555,0.624,-0.340,0.000,22,E,0,,,,183547,91.26,1
183,801.280,"Mount",0.251,-2.195,-2.166,0.120,-1.686,0.000,107,E,0,,,,189099,96.86,1
184,805.276,"Mount",-0.268,-0.654,-0.539,0.374,0.000,0.000,0,,0,,,,197597,101.62,1
185,809.758,"Mount",-0.454,-1.164,-0.968,0.643,-0.740,0.000,47,E,0,,,,189225,100.77,1
186,814.104,"Mount",-1.067,0.513,0.817,0.966,0.562,0.966,36,W,60,S,,,177210,99.03,1
187,818.981,"Mount",-1.901,4.558,4.922,1.111,3.813,1.111,242,W,69,S,,,189366,103.66,1
188,822.906,"Mount",0.942,0.100,-0.195,-0.945,0.000,0.000,0,,0,,,,175524,85.13,1
189,827.307,"Mount",1.996,-0.631,-1.215,-1.862,-0.929,0.000,59,E,0,,,,197221,120.73,1
190,831.435,"Mount",1.986,-1.079,-1.639,-1.777,-1.333,0.000,85,E,0,,,,177903,100.72,1
191,835.587,"Mount",1.755,-0.389,-0.911,-1.665,-0.810,0.000,51,E,0,,,,180882,88.88,1
192,840.128,"Mount",0.633,1.835,1.551,-0.932,1.118,-0.932,71,W,58,N,,,191716,106.84,1
193,844.671,"Mount",1.382,-0.968,-1.347,-1.200,-0.935,-1.200,59,E,75,N,,,181732,110.44,1
194,848.874,"Mount",0.600,-0.713,-0.863,-0.472,-0.740,0.000,47,E,0,,,,179714,88.70,1
195,852.894,"Mount",0.544,0.371,0.185,-0.598,0.000,0.000,0,,0,,,,192761,104.13,1
196,857.353,"Mount",0.116,0.859,0.781,-0.258,0.598,0.000,38,W,0,,,,194306,104.18,1
197,861.579,"Mount",1.081,-1.105,-1.384,-0.881,-1.008,-0.881,64,E,55,N,,,172087,87.63,1
198,865.875,"Mount",1.162,-0.859,-1.175,-1.002,-0.985,-1.002,63,E,62,N,,,186958,104.92,1
199,870.184,"Mount",0.684,-1.197,-1.349,-0.474,-1.116,0.000,71,E,0,,,,195402,97.20,1
200,874.349,"Mount",0.488,-0.171,-0.313,-0.452,0.000,0.000,0,,0,,,,187603,104.75,1
201,878.917,"Mount",-0.513,3.275,3.274,-0.043,2.504,0.000,159,W,0,,,,186601,96.85,1
202,882.859,"Mount",0.520,0.027,-0.135,-0.517,0.000,0.000,0,,0,,,,168584,89.32,1
203,887.043,"Mount",1.007,-0.896,-1.162,-0.842,-0.889,0.000,56,E,0,,,,189476,98.55,1
204,891.182,"Mount",1.448,-0.776,-1.185,-1.298,-0.982,-1.298,62,E,81,N,,,183682,94.13,1
205,895.284,"Mount",0.632,-0.595,-0.761,-0.523,-0.666,0.000,42,E,0,,,,202862,116.57,1
206,899.307,"Mount",0.084,1.496,1.397,-0.333,1.012,0.000,64,W,0,,,,192573,116.73,1
207,903.791,"Mount",-1.314,6.105,6.212,0.273,4.839,0.000,307,W,0,,,,184879,104.83,1
208,908.062,"Mount",0.373,0.934,0.773,-0.524,1.003,0.000,64,W,0,,,,148053,80.79,1
209,913.678,"Mount",1.545,-1.049,-1.475,-1.348,-1.043,-1.348,66,E,84,N,,,190159,97.98,1
210,917.635,"Mount",0.705,-0.010,-0.227,-0.693,0.000,0.000,0,,0,,,,194472,111.33,1
211,921.711,"Mount",0.350,1.370,1.196,-0.575,0.915,0.000,58,W,0,,,,186210,95.94,1
212,925.952,"Mount",0.590,1.720,1.454,-0.870,1.190,-0.870,76,W,54,N,,,199806,106.22,1
213,930.553,"Mount",-0.020,0.971,0.930,-0.142,0.813,0.000,52,W,0,,,,192326,101.33,1
214,935.187,"Mount",2.165,-4.654,-5.094,-1.356,-3.828,-1.356,243,E,84,N,,,190936,119.31,1
215,939.146,"Mount",0.128,0.064,0.021,-0.137,0.000,0.000,0,,0,,,,183329,99.17,1
216,943.498,"Mount",0.127,1.734,1.610,-0.416,1.232,0.000,78,W,0,,,,179668,88.61,1
217,947.688,"Mount",0.185,2.244,2.078,-0.559,1.694,0.000,108,W,0,,,,193838,95.47,1
218,951.591,"Mount",0.586,0.621,0.411,-0.682,0.000,0.000,0,,0,,,,193964,104.98,1
219,956.444,"Mount",2.410,-5.460,-5.937,-1.462,-4.542,-1.462,288,E,91,N,,,189550,104.71,1
220,960.662,"Mount",0.912,0.271,-0.023,-0.944,0.000,-0.944,0,,59,N,,,165952,100.98,1
221,964.870,"Mount",0.055,2.433,2.298,-0.462,1.758,0.000,112,W,0,,,,194623,119.35,1
222,968.954,"Mount",-0.494,1.687,1.757,0.204,1.494,0.000,95,W,0,,,,194204,104.75,1
223,973.405,"Mount",2.219,-4.146,-4.628,-1.493,-3.413,-1.493,217,E,93,N,,,191476,108.02,1
224,977.579,"Mount",0.943,-1.948,-2.144,-0.603,-1.930,0.000,123,E,0,,,,194221,105.44,1
225,981.518,"Mount",0.189,-0.436,-0.473,-0.113,0.000,0.000,0,,0,,,,186468,104.14,1
226,985.756,"Mount",0.019,-1.100,-1.052,0.166,-0.805,0.000,51,E,0,,,,183638,102.99,1
227,990.088,"Mount",-0.054,-0.843,-0.785,0.194,-0.669,0.000,42,E,0,,,,190912,109.51,1
228,994.525,"Mount",0.499,-2.253,-2.297,-0.115,-1.814,0.000,115,E,0,,,,185138,95.42,1
229,998.596,"Mount",-0.179,-0.236,-0.169,0.216,0.000,0.000,0,,0,,,,185111,96.20,1
230,1002.640,"Mount",-0.293,0.440,0.509,0.215,0.000,0.000,0,,0,,,,198642,108.30,1
231,1006.695,"Mount",0.369,0.647,0.502,-0.472,0.000,0.000,0,,0,,,,199708,112.99,1
232,1011.017,"Mount",0.465,0.775,0.594,-0.589,0.454,0.000,29,W,0,,,,193524,116.10,1
233,1015.261,"Mount",1.649,-4.677,-4.957,-0.842,-3.754,0.000,238,E,0,,,,183903,97.29,1
234,1019.552,"Mount",0.406,-1.142,-1.211,-0.209,-1.246,0.000,79,E,0,,,,177033,108.47,1
235,1023.611,"Mount",-0.326,0.042,0.141,0.315,0.000,0.000,0,,0,,,,189007,118.89,1
236,1028.109,"Mount",-1.148,2.707,2.929,0.679,2.241,0.000,142,W,0,,,,188585,104.22,1
237,1032.702,"Mount",-1.657,3.820,4.144,0.994,3.361,0.000,213,W,0,,,,197706,103.98,1
238,1037.432,"Mount",3.003,-9.751,-10.201,-1.328,-7.518,-1.328,477,E,82,N,,,168612,93.81,1
239,1041.348,"DROP",,,,,,,,,,,,,91231,59.50,7,"Stella per per cambiamento di massa"
240,1045.584,"Mount",-0.668,-0.286,-0.066,0.707,0.000,0.000,0,,0,,,,191237,102.97,1
241,1050.176,"Mount",-1.525,0.930,1.355,1.347,1.036,0.000,66,W,0,,,,199161,103.72,1
242,1055.935,"Mount",-1.293,2.006,2.307,0.939,1.853,0.000,118,W,0,,,,189096,99.48,1
243,1061.182,"Mount",-0.828,0.029,0.283,0.811,0.000,0.000,0,,0,,,,189975,110.69,1
INFO: SET LOCK POSITION, new lock pos = 44.460, 767.023
INFO: DITHER by 0.850, -0.201, new lock pos = 44.390, 767.894
INFO: SETTLING STATE CHANGE, Settling started
244,1066.305,"Mount",0.071,-0.871,-0.850,0.201,-0.850,0.201,54,E,13,S,,,196418,105.20,1
245,1070.622,"Mount",-0.825,-2.832,-2.440,1.287,-1.867,0.000,118,E,0,,,,193652,120.48,1
246,1076.268,"Mount",-2.535,4.303,4.874,1.778,3.570,0.000,227,W,0,,,,204780,124.22,1
247,1080.849,"Mount",-2.000,2.618,3.107,1.534,2.680,1.534,170,W,95,S,,,179854,101.08,1
248,1084.977,"Mount",0.040,-3.133,-2.993,0.485,-2.062,0.000,131,E,0,,,,180706,95.93,1
249,1089.186,"Mount",0.061,-2.822,-2.703,0.413,-2.243,0.000,142,E,0,,,,196740,117.00,1
250,1093.351,"Mount",-0.726,1.072,1.244,0.536,0.761,0.000,48,W,0,,,,181348,84.04,1
251,1098.020,"Mount",-2.096,2.496,3.020,1.648,2.375,1.648,151,W,102,S,,,199381,106.72,1
INFO: SETTLING STATE CHANGE, Settling failed
252,1102.015,"Mount",-0.894,0.264,0.526,0.837,0.000,0.000,0,,0,,,,198464,104.36,1
253,1106.633,"Mount",0.642,-6.357,-6.245,0.431,-4.778,0.000,303,E,0,,,,188154,95.67,1
254,1110.773,"Mount",-1.314,0.509,0.889,1.210,0.274,1.210,17,W,75,S,,,160568,104.12,1
255,1115.622,"Mount",-2.726,4.113,4.753,1.999,3.659,1.999,232,W,124,S,,,198263,110.35,1
256,1120.328,"Mount",-2.805,3.882,4.558,2.116,3.798,2.116,241,W,131,S,,,179804,104.74,1
257,1127.524,"Mount",1.867,-10.088,-10.172,-0.151,-7.459,0.000,473,E,0,,,,184935,97.05,1
258,1131.864,"Mount",-1.271,-0.140,0.258,1.277,0.000,1.277,0,,79,S,,,155951,89.80,1
259,1136.327,"Mount",-1.245,0.276,0.647,1.181,0.495,1.181,31,W,73,S,,,196130,110.80,1
260,1140.477,"Mount",-1.453,-0.808,-0.321,1.568,0.000,1.568,0,,97,S,,,194254,103.69,1
261,1144.954,"Mount",-0.422,-3.744,-3.431,1.043,-2.625,1.043,167,E,65,S,,,201735,122.16,1
262,1149.209,"Mount",-0.375,-0.750,-0.597,0.495,-0.680,0.000,43,E,0,,,,187123,109.21,1
263,1153.328,"Mount",-0.445,0.743,0.844,0.314,0.588,0.000,37,W,0,,,,204721,113.46,1
264,1157.267,"Mount",0.025,0.479,0.448,-0.105,0.000,0.000,0,,0,,,,191023,101.80,1
265,1161.251,"Mount",0.247,-0.398,-0.455,-0.177,0.000,0.000,0,,0,,,,203472,110.30,1
266,1165.464,"Mount",0.701,-1.875,-2.000,-0.378,-1.530,0.000,97,E,0,,,,191754,111.32,1
267,1169.448,"Mount",0.217,-1.119,-1.131,-0.027,-0.996,0.000,63,E,0,,,,201389,121.87,1
268,1173.458,"Mount",0.218,-0.118,-0.179,-0.196,0.000,0.000,0,,0,,,,195397,115.39,1
269,1178.073,"Mount",-0.514,0.844,0.961,0.365,0.735,0.000,47,W,0,,,,186520,108.28,1
270,1183.476,"Mount",-0.826,0.886,1.097,0.666,0.902,0.000,57,W,0,,,,191409,103.39,1
271,1188.999,"Mount",2.435,-8.985,-9.298,-0.896,-7.037,0.000,447,E,0,,,,152271,84.54,1
272,1193.834,"Mount",2.474,-8.840,-9.172,-0.958,-7.615,0.000,483,E,0,,,,164803,103.99,1
273,1198.038,"DROP",,,,,,,,,,,,,44442,36.50,7,"Stella per per cambiamento di massa"
274,1202.440,"DROP",,,,,,,,,,,,,0,0.00,2,"Stella persa per SNR basso"
275,1206.575,"DROP",,,,,,,,,,,,,0,0.00,2,"Stella persa per SNR basso"
276,1210.673,"DROP",,,,,,,,,,,,,0,0.00,2,"Stella persa per SNR basso"
277,1214.776,"DROP",,,,,,,,,,,,,0,0.00,2,"Stella persa per SNR basso"
278,1219.018,"DROP",,,,,,,,,,,,,0,0.00,2,"Stella persa per SNR basso"
279,1223.540,"DROP",,,,,,,,,,,,,0,0.00,2,"Stella persa per SNR basso"
280,1227.831,"DROP",,,,,,,,,,,,,0,0.00,2,"Stella persa per SNR basso"
281,1231.942,"DROP",,,,,,,,,,,,,0,0.00,2,"Stella persa per SNR basso"
282,1236.404,"DROP",,,,,,,,,,,,,0,0.00,2,"Stella persa per SNR basso"
283,1240.592,"DROP",,,,,,,,,,,,,0,0.00,2,"Stella persa per SNR basso"
284,1244.761,"DROP",,,,,,,,,,,,,0,0.00,2,"Stella persa per SNR basso"
285,1249.157,"DROP",,,,,,,,,,,,,0,0.00,2,"Stella persa per SNR basso"
286,1253.673,"DROP",,,,,,,,,,,,,0,0.00,2,"Stella persa per SNR basso"
287,1258.014,"DROP",,,,,,,,,,,,,0,0.00,2,"Stella persa per SNR basso"
288,1262.136,"DROP",,,,,,,,,,,,,0,0.00,2,"Stella persa per SNR basso"
289,1266.358,"DROP",,,,,,,,,,,,,0,0.00,2,"Stella persa per SNR basso"
290,1270.510,"DROP",,,,,,,,,,,,,0,0.00,2,"Stella persa per SNR basso"
291,1274.577,"DROP",,,,,,,,,,,,,0,0.00,2,"Stella persa per SNR basso"
292,1278.662,"DROP",,,,,,,,,,,,,0,0.00,2,"Stella persa per SNR basso"
293,1282.850,"DROP",,,,,,,,,,,,,0,0.00,2,"Stella persa per SNR basso"
294,1287.155,"DROP",,,,,,,,,,,,,0,0.00,2,"Stella persa per SNR basso"
295,1291.616,"DROP",,,,,,,,,,,,,0,0.00,2,"Stella persa per SNR basso"
296,1295.899,"DROP",,,,,,,,,,,,,0,0.00,2,"Stella persa per SNR basso"
297,1300.134,"DROP",,,,,,,,,,,,,0,0.00,2,"Stella persa per SNR basso"
298,1304.280,"DROP",,,,,,,,,,,,,0,0.00,2,"Stella persa per SNR basso"
299,1308.445,"DROP",,,,,,,,,,,,,0,0.00,2,"Stella persa per SNR basso"
300,1312.732,"DROP",,,,,,,,,,,,,0,0.00,2,"Stella persa per SNR basso"
301,1316.808,"DROP",,,,,,,,,,,,,0,0.00,2,"Stella persa per SNR basso"
302,1321.017,"DROP",,,,,,,,,,,,,0,0.00,2,"Stella persa per SNR basso"
303,1325.515,"DROP",,,,,,,,,,,,,0,0.00,2,"Stella persa per SNR basso"
304,1329.689,"DROP",,,,,,,,,,,,,5245,11.82,7,"Stella per per cambiamento di massa"
305,1333.809,"DROP",,,,,,,,,,,,,0,0.00,2,"Stella persa per SNR basso"
306,1337.997,"DROP",,,,,,,,,,,,,0,0.00,2,"Stella persa per SNR basso"
307,1342.105,"DROP",,,,,,,,,,,,,0,0.00,2,"Stella persa per SNR basso"
308,1346.331,"DROP",,,,,,,,,,,,,0,0.00,2,"Stella persa per SNR basso"
309,1350.633,"DROP",,,,,,,,,,,,,0,0.00,2,"Stella persa per SNR basso"
310,1354.862,"DROP",,,,,,,,,,,,,0,0.00,2,"Stella persa per SNR basso"
311,1359.150,"DROP",,,,,,,,,,,,,0,0.00,2,"Stella persa per SNR basso"
312,1363.575,"DROP",,,,,,,,,,,,,0,0.00,2,"Stella persa per SNR basso"
313,1367.750,"DROP",,,,,,,,,,,,,0,0.00,2,"Stella persa per SNR basso"
314,1371.946,"DROP",,,,,,,,,,,,,0,0.00,2,"Stella persa per SNR basso"
315,1376.159,"DROP",,,,,,,,,,,,,0,0.00,2,"Stella persa per SNR basso"
316,1380.371,"DROP",,,,,,,,,,,,,0,0.00,2,"Stella persa per SNR basso"
317,1384.497,"DROP",,,,,,,,,,,,,0,0.00,2,"Stella persa per SNR basso"
318,1388.532,"DROP",,,,,,,,,,,,,0,0.00,2,"Stella persa per SNR basso"
319,1392.901,"DROP",,,,,,,,,,,,,0,0.00,2,"Stella persa per SNR basso"
320,1397.298,"DROP",,,,,,,,,,,,,0,0.00,2,"Stella persa per SNR basso"
321,1401.698,"DROP",,,,,,,,,,,,,0,0.00,2,"Stella persa per SNR basso"
322,1406.760,"DROP",,,,,,,,,,,,,0,0.00,2,"Stella persa per SNR basso"
323,1410.893,"DROP",,,,,,,,,,,,,0,0.00,2,"Stella persa per SNR basso"
324,1417.472,"DROP",,,,,,,,,,,,,0,0.00,2,"Stella persa per SNR basso"
325,1421.772,"DROP",,,,,,,,,,,,,0,0.00,2,"Stella persa per SNR basso"
326,1425.885,"DROP",,,,,,,,,,,,,0,0.00,2,"Stella persa per SNR basso"
327,1430.117,"DROP",,,,,,,,,,,,,0,0.00,2,"Stella persa per SNR basso"
328,1434.315,"DROP",,,,,,,,,,,,,0,0.00,2,"Stella persa per SNR basso"
329,1438.466,"DROP",,,,,,,,,,,,,0,0.00,2,"Stella persa per SNR basso"
330,1442.668,"DROP",,,,,,,,,,,,,0,0.00,2,"Stella persa per SNR basso"
331,1446.823,"DROP",,,,,,,,,,,,,0,0.00,2,"Stella persa per SNR basso"
332,1451.067,"DROP",,,,,,,,,,,,,0,0.00,2,"Stella persa per SNR basso"
333,1455.404,"DROP",,,,,,,,,,,,,0,0.00,2,"Stella persa per SNR basso"
334,1459.655,"DROP",,,,,,,,,,,,,0,0.00,2,"Stella persa per SNR basso"
335,1463.941,"DROP",,,,,,,,,,,,,0,0.00,2,"Stella persa per SNR basso"
336,1468.106,"DROP",,,,,,,,,,,,,0,0.00,2,"Stella persa per SNR basso"
337,1472.455,"DROP",,,,,,,,,,,,,0,0.00,2,"Stella persa per SNR basso"
338,1476.611,"DROP",,,,,,,,,,,,,0,0.00,2,"Stella persa per SNR basso"
339,1480.709,"DROP",,,,,,,,,,,,,0,0.00,2,"Stella persa per SNR basso"
340,1485.040,"DROP",,,,,,,,,,,,,0,0.00,2,"Stella persa per SNR basso"
341,1489.367,"DROP",,,,,,,,,,,,,0,0.00,2,"Stella persa per SNR basso"
342,1493.696,"DROP",,,,,,,,,,,,,0,0.00,2,"Stella persa per SNR basso"
343,1497.836,"DROP",,,,,,,,,,,,,0,0.00,2,"Stella persa per SNR basso"
344,1501.955,"DROP",,,,,,,,,,,,,0,0.00,2,"Stella persa per SNR basso"
345,1506.172,"DROP",,,,,,,,,,,,,0,0.00,2,"Stella persa per SNR basso"
346,1510.372,"DROP",,,,,,,,,,,,,0,0.00,2,"Stella persa per SNR basso"
347,1514.485,"DROP",,,,,,,,,,,,,0,0.00,2,"Stella persa per SNR basso"
348,1518.659,"DROP",,,,,,,,,,,,,0,0.00,2,"Stella persa per SNR basso"
349,1522.810,"DROP",,,,,,,,,,,,,0,0.00,2,"Stella persa per SNR basso"
350,1527.044,"DROP",,,,,,,,,,,,,0,0.00,2,"Stella persa per SNR basso"
351,1531.583,"DROP",,,,,,,,,,,,,0,0.00,2,"Stella persa per SNR basso"
352,1535.817,"DROP",,,,,,,,,,,,,0,0.00,2,"Stella persa per SNR basso"
353,1541.026,"Mount",11.911,0.083,-3.592,-11.756,-3.395,-11.756,215,E,730,N,,,2954,9.04,1
354,1545.289,"DROP",,,,,,,,,,,,,0,0.00,2,"Stella persa per SNR basso"
355,1550.028,"DROP",,,,,,,,,,,,,0,0.00,4,"Star lost - low HFD"
356,1557.383,"DROP",,,,,,,,,,,,,0,0.00,2,"Stella persa per SNR basso"
357,1561.886,"DROP",,,,,,,,,,,,,0,0.00,2,"Stella persa per SNR basso"
358,1566.233,"DROP",,,,,,,,,,,,,0,0.00,2,"Stella persa per SNR basso"
359,1571.368,"Mount",11.314,2.129,-1.461,-11.511,-1.406,-11.511,89,E,715,N,,,6405,13.55,1
360,1575.311,"DROP",,,,,,,,,,,,,0,0.00,2,"Stella persa per SNR basso"
361,1579.888,"DROP",,,,,,,,,,,,,0,0.00,2,"Stella persa per SNR basso"
362,1584.106,"DROP",,,,,,,,,,,,,0,0.00,2,"Stella persa per SNR basso"
363,1588.857,"DROP",,,,,,,,,,,,,0,0.00,2,"Stella persa per SNR basso"
364,1593.097,"DROP",,,,,,,,,,,,,0,0.00,2,"Stella persa per SNR basso"
365,1597.521,"DROP",,,,,,,,,,,,,0,0.00,2,"Stella persa per SNR basso"
366,1601.647,"DROP",,,,,,,,,,,,,0,0.00,2,"Stella persa per SNR basso"
367,1605.810,"DROP",,,,,,,,,,,,,0,0.00,2,"Stella persa per SNR basso"
368,1610.045,"DROP",,,,,,,,,,,,,0,0.00,2,"Stella persa per SNR basso"
369,1614.225,"DROP",,,,,,,,,,,,,0,0.00,2,"Stella persa per SNR basso"
370,1618.289,"DROP",,,,,,,,,,,,,0,0.00,2,"Stella persa per SNR basso"
371,1622.531,"DROP",,,,,,,,,,,,,0,0.00,2,"Stella persa per SNR basso"
372,1626.718,"DROP",,,,,,,,,,,,,0,0.00,2,"Stella persa per SNR basso"
373,1630.874,"DROP",,,,,,,,,,,,,0,0.00,2,"Stella persa per SNR basso"
374,1635.166,"DROP",,,,,,,,,,,,,0,0.00,2,"Stella persa per SNR basso"
375,1641.411,"DROP",,,,,,,,,,,,,0,0.00,2,"Stella persa per SNR basso"
376,1645.687,"DROP",,,,,,,,,,,,,0,0.00,2,"Stella persa per SNR basso"
377,1649.893,"DROP",,,,,,,,,,,,,0,0.00,2,"Stella persa per SNR basso"
378,1654.087,"DROP",,,,,,,,,,,,,0,0.00,2,"Stella persa per SNR basso"
379,1658.254,"DROP",,,,,,,,,,,,,0,0.00,2,"Stella persa per SNR basso"
380,1662.464,"DROP",,,,,,,,,,,,,0,0.00,2,"Stella persa per SNR basso"
381,1666.520,"DROP",,,,,,,,,,,,,0,0.00,2,"Stella persa per SNR basso"
382,1670.712,"DROP",,,,,,,,,,,,,0,0.00,2,"Stella persa per SNR basso"
383,1674.920,"DROP",,,,,,,,,,,,,0,0.00,2,"Stella persa per SNR basso"
384,1679.504,"DROP",,,,,,,,,,,,,0,0.00,2,"Stella persa per SNR basso"
385,1683.773,"DROP",,,,,,,,,,,,,0,0.00,2,"Stella persa per SNR basso"
386,1687.896,"DROP",,,,,,,,,,,,,0,0.00,2,"Stella persa per SNR basso"
387,1692.079,"DROP",,,,,,,,,,,,,0,0.00,2,"Stella persa per SNR basso"
388,1696.255,"DROP",,,,,,,,,,,,,0,0.00,2,"Stella persa per SNR basso"
389,1700.585,"DROP",,,,,,,,,,,,,0,0.00,2,"Stella persa per SNR basso"
390,1704.760,"DROP",,,,,,,,,,,,,0,0.00,2,"Stella persa per SNR basso"
391,1708.932,"DROP",,,,,,,,,,,,,0,0.00,2,"Stella persa per SNR basso"
Guiding Ends at 2026-09-07 23:28:40

Guiding Begins at 2026-09-07 23:29:28
Equipment Profile = C8_QHY695A
Dither = both axes, Dither scale = 1.000, Image noise reduction = none, Guide-frame time lapse = 0, Server enabled
Pixel scale = 0.61 arc-sec/px, Binning = 1, Focal length = 1260 mm
Search region = 15 px, Star mass tolerance = 50.0%, Multi-star mode, list size = 12
 Camera = QHY5LII-M-6017e860ba8d9a45f (ASCOM), full size = 1280 x 960, have dark, dark dur = 3500, no defect map, pixel size = 3.8 um
Exposure = 3500 ms
Mount = GPUSB, connected, guiding enabled, AuxMount=CPWI_ASCOM_Telescope, xAngle = 107.9, xRate = 15.731, yAngle = -153.7, yRate = 16.102, parity = +/-
Norm rates RA = 10.5"/s @ dec 0, Dec = 9.9"/s; ortho.err. = 8.3 deg
X guide algorithm = Hysteresis, Hysteresis = 0.100, Aggression = 0.850, Minimum move = 0.552
Y guide algorithm = Resist Switch, Minimum move = 0.850 Aggression = 100% FastSwitch = enabled
Backlash comp = disabled, pulse = 20 ms
Max RA duration = 2500, Max DEC duration = 2500, DEC guide mode = Auto
RA Guide Speed = 14.9 a-s/s, Dec Guide Speed = 14.9 a-s/s, Cal Dec = 0.0, Last Cal Issue = None, Timestamp = 06/09/2026 21:20:23
RA = 20.01 hr, Dec = 23.1 deg, Hour angle = 1.38 hr, Pier side = East, Rotator pos = N/A, Alt = 64.1 deg, Az = 228.1 deg
Lock position = 20.809, 782.362, Star position = 20.809, 782.362, HFD = 5.58 px
Frame,Time,mount,dx,dy,RARawDistance,DECRawDistance,RAGuideDistance,DECGuideDistance,RADuration,RADirection,DECDuration,DECDirection,XStep,YStep,StarMass,SNR,ErrorCode
INFO: SETTLING STATE CHANGE, Settling started
1,5.515,"Mount",0.720,-1.203,-1.366,-0.509,-1.045,0.000,66,E,0,,,,136747,76.88,1
2,9.678,"Mount",1.221,-2.519,-2.772,-0.782,-2.210,0.000,140,E,0,,,,139258,79.70,1
3,13.868,"Mount",-0.968,2.930,3.085,0.464,2.172,0.000,138,W,0,,,,121059,65.31,1
4,18.319,"Mount",-0.393,2.150,2.166,0.027,1.842,0.000,117,W,0,,,,128335,76.82,1
5,22.519,"Mount",0.379,-0.190,-0.298,-0.341,0.000,0.000,0,,0,,,,114768,67.08,1
6,27.431,"Mount",0.608,-3.173,-3.206,-0.068,-2.453,0.000,156,E,0,,,,130988,78.06,1
7,31.971,"Mount",-0.195,-1.634,-1.495,0.465,-1.352,0.000,86,E,0,,,,127968,80.42,1
8,36.275,"Mount",-1.165,2.595,2.827,0.714,2.048,0.000,130,W,0,,,,124131,71.78,1
9,40.801,"Mount",-2.100,4.643,5.064,1.293,4.048,0.000,257,W,0,,,,123014,74.46,1
INFO: SETTLING STATE CHANGE, Settling failed
10,45.236,"Mount",-1.647,4.764,5.040,0.826,4.199,0.000,267,W,0,,,,126695,74.92,1
Guiding Ends at 2026-09-07 23:30:15

Guiding Begins at 2026-09-07 23:36:18
Equipment Profile = C8_QHY695A
Dither = both axes, Dither scale = 1.000, Image noise reduction = none, Guide-frame time lapse = 0, Server enabled
Pixel scale = 0.61 arc-sec/px, Binning = 1, Focal length = 1260 mm
Search region = 15 px, Star mass tolerance = 50.0%, Multi-star mode, list size = 12
 Camera = QHY5LII-M-6017e860ba8d9a45f (ASCOM), full size = 1280 x 960, have dark, dark dur = 3500, no defect map, pixel size = 3.8 um
Exposure = 3500 ms
Mount = GPUSB, connected, guiding enabled, AuxMount=CPWI_ASCOM_Telescope, xAngle = 107.9, xRate = 15.724, yAngle = -153.7, yRate = 16.102, parity = +/-
Norm rates RA = 10.5"/s @ dec 0, Dec = 9.9"/s; ortho.err. = 8.3 deg
X guide algorithm = Hysteresis, Hysteresis = 0.100, Aggression = 0.850, Minimum move = 0.552
Y guide algorithm = Resist Switch, Minimum move = 0.850 Aggression = 100% FastSwitch = enabled
Backlash comp = disabled, pulse = 20 ms
Max RA duration = 2500, Max DEC duration = 2500, DEC guide mode = Auto
RA Guide Speed = 14.9 a-s/s, Dec Guide Speed = 14.9 a-s/s, Cal Dec = 0.0, Last Cal Issue = None, Timestamp = 06/09/2026 21:20:23
RA = 20.01 hr, Dec = 23.2 deg, Hour angle = 1.50 hr, Pier side = East, Rotator pos = N/A, Alt = 63.2 deg, Az = 231.0 deg
Lock position = 393.127, 626.320, Star position = 393.127, 626.320, HFD = 6.30 px
Frame,Time,mount,dx,dy,RARawDistance,DECRawDistance,RAGuideDistance,DECGuideDistance,RADuration,RADirection,DECDuration,DECDirection,XStep,YStep,StarMass,SNR,ErrorCode
INFO: SETTLING STATE CHANGE, Settling started
1,4.784,"Mount",0.304,-1.158,-1.195,-0.105,-0.914,0.000,58,E,0,,,,141129,75.46,1
2,9.197,"Mount",0.754,-1.470,-1.631,-0.497,-1.325,0.000,84,E,0,,,,154843,78.98,1
3,15.401,"Mount",-0.123,1.487,1.452,-0.127,0.998,0.000,63,W,0,,,,155387,80.96,1
4,19.950,"Mount",1.087,-3.459,-3.626,-0.493,-2.689,0.000,171,E,0,,,,131297,59.67,1
5,24.265,"Mount",0.020,0.840,0.793,-0.160,0.378,0.000,24,W,0,,,,113613,66.55,1
6,28.581,"Mount",-0.509,2.688,2.714,0.052,2.108,0.000,134,W,0,,,,146794,77.85,1
7,32.875,"Mount",-0.265,2.033,2.016,-0.079,1.722,0.000,109,W,0,,,,154824,78.19,1
8,37.310,"Mount",1.637,-5.658,-5.887,-0.666,-4.357,0.000,277,E,0,,,,134146,79.57,1
INFO: SETTLING STATE CHANGE, Settling failed
9,41.384,"Mount",0.553,0.574,0.376,-0.642,0.000,0.000,0,,0,,,,87806,47.02,1
10,45.855,"Mount",0.681,0.201,-0.018,-0.705,0.000,0.000,0,,0,,,,138464,66.47,1
11,49.948,"Mount",1.491,-1.030,-1.439,-1.298,-1.101,0.000,70,E,0,,,,142461,72.78,1
Guiding Ends at 2026-09-07 23:37:11

Log Summary: calcnt:0 gcnt:8 gdur:3456 gacnt:0
Log closed at 2026-09-07 23:41:08
